ROWID	_Parts|INTEGER	_Durability|INTEGER	_DurabilityRepairCoin|INTEGER	_Player1_SkinName|INTEGER	_Player1_AniName|INTEGER	_Player1_ActName|INTEGER	_Player1_OnActName|INTEGER	_Player1_DecalName|INTEGER	_Player2_SkinName|INTEGER	_Player2_AniName|INTEGER	_Player2_ActName|INTEGER	_Player2_OnActName|INTEGER	_Player2_DecalName|INTEGER	_Player3_SkinName|INTEGER	_Player3_AniName|INTEGER	_Player3_ActName|INTEGER	_Player3_OnActName|INTEGER	_Player3_DecalName|INTEGER	_Player4_SkinName|INTEGER	_Player4_AniName|INTEGER	_Player4_ActName|INTEGER	_Player4_OnActName|INTEGER	_Player4_DecalName|INTEGER	_Player5_SkinName|INTEGER	_Player5_AniName|INTEGER	_Player5_ActName|INTEGER	_Player5_OnActName|INTEGER	_Player5_DecalName|INTEGER	_Player6_SkinName|INTEGER	_Player6_AniName|INTEGER	_Player6_ActName|INTEGER	_Player6_OnActName|INTEGER	_Player6_DecalName|INTEGER	_Player7_SkinName|INTEGER	_Player7_AniName|INTEGER	_Player7_ActName|INTEGER	_Player7_OnActName|INTEGER	_Player7_DecalName|INTEGER	_Player8_SkinName|INTEGER	_Player8_AniName|INTEGER	_Player8_ActName|INTEGER	_Player8_OnActName|INTEGER	_Player8_DecalName|INTEGER	_Player9_SkinName|INTEGER	_Player9_AniName|INTEGER	_Player9_ActName|INTEGER	_Player9_OnActName|INTEGER	_Player9_DecalName|INTEGER	_Player10_SkinName|INTEGER	_Player10_AniName|INTEGER	_Player10_ActName|INTEGER	_Player10_OnActName|INTEGER	_Player10_DecalName|INTEGER	_SetEffect_ActName|INTEGER	_DefaultColor|INTEGER	_HelmetShowLevel|INTEGER	_EmptyDurabilitySound|INTEGER	_SetItemID|INTEGER	_ActorFaceID|INTEGER	_AttachHeadBone|BOOLEAN	_IgnoreCombine|BOOLEAN	_SubParts1|INTEGER	_SubParts2|INTEGER	_SubParts3|INTEGER	_SubParts4|INTEGER	_Grade_SetItem|BOOLEAN	_SetItemTextID|INTEGER	_SetOverlap|BOOLEAN	_SkinID|INTEGER	_Spirit_UseWingBone|BOOLEAN	_CloneParts|INTEGER	_Spirit_forwardchar|BOOLEAN	_CloneSetitemOn|INTEGER
1073759013	9	0	1	6431	6428	6427	0	0	6431	6428	6427	0	0	6431	6428	6427	0	0	6431	6428	6427	0	0	6431	6428	6427	0	0	6431	6428	6427	0	0	6431	6428	6427	0	0	6431	6428	6427	0	0	6431	6428	6427	0	0	6431	6428	6427	0	0	0	0	0	10920	0	0	false	false	0	0	0	0	false	0	false	0	false	0	false	0
1073759014	9	0	1	16022	15838	15839	0	0	16022	15838	15839	0	0	16022	15838	15839	0	0	16022	15838	15839	0	0	16022	15838	15839	0	0	16022	15838	15839	0	0	16022	15838	15839	0	0	16022	15838	15839	0	0	16022	15838	15839	0	0	16022	15838	15839	0	0	0	0	0	10920	0	0	false	false	0	0	0	0	false	0	false	0	false	0	false	0
1073759015	9	0	1	6343	6342	6341	0	0	6343	6342	6341	0	0	6343	6342	6341	0	0	6343	6342	6341	0	0	6343	6342	6341	0	0	6343	6342	6341	0	0	6343	6342	6341	0	0	6343	6342	6341	0	0	6343	6342	6341	0	0	6343	6342	6341	0	0	0	0	0	10920	0	0	false	false	0	0	0	0	false	0	false	0	false	0	false	0
1073759016	9	0	1	6346	6345	6344	0	0	6346	6345	6344	0	0	6346	6345	6344	0	0	6346	6345	6344	0	0	6346	6345	6344	0	0	6346	6345	6344	0	0	6346	6345	6344	0	0	6346	6345	6344	0	0	6346	6345	6344	0	0	6346	6345	6344	0	0	0	0	0	10920	0	0	false	false	0	0	0	0	false	0	false	0	false	0	false	0
1073759017	9	0	1	6340	6339	6338	0	0	6340	6339	6338	0	0	6340	6339	6338	0	0	6340	6339	6338	0	0	6340	6339	6338	0	0	6340	6339	6338	0	0	6340	6339	6338	0	0	6340	6339	6338	0	0	6340	6339	6338	0	0	6340	6339	6338	0	0	0	0	0	10920	0	0	false	false	0	0	0	0	false	0	false	0	false	0	false	0
1073759018	0	0	1	6416	6415	6414	0	0	6407	6406	6405	0	0	6413	6412	6411	0	0	6410	6409	6408	0	0	6404	6403	6402	0	0	17560	17561	17562	0	0	26649	26650	26651	0	0	6407	6406	6405	0	0	38496	6406	6405	0	0	38496	6406	6405	0	0	0	0	0	10920	0	0	true	false	0	0	0	0	false	0	false	0	false	0	false	0
1073759019	10	0	1	6581	6580	6579	0	0	6581	6580	6579	0	0	6581	6580	6579	0	0	6581	6580	6579	0	0	6581	6580	6579	0	0	6581	6580	6579	0	0	6581	6580	6579	0	0	6581	6580	6579	0	0	6581	6580	6579	0	0	6581	6580	6579	0	0	0	0	0	10920	0	0	false	false	0	0	0	0	false	0	false	0	false	0	false	0
1073759020	11	0	1	0	0	0	0	7514	0	0	0	0	7514	0	0	0	0	7514	0	0	0	0	7514	0	0	0	0	7514	0	0	0	0	7514	0	0	0	0	7514	0	0	0	0	7514	0	0	0	0	7514	0	0	0	0	7514	0	0	1	10920	0	0	false	false	0	0	0	0	false	0	false	0	false	0	false	0
1073759021	0	0	1	6436	0	0	0	0	6433	0	0	0	0	6435	0	0	0	0	6434	0	0	0	0	6432	0	0	0	0	17543	0	0	0	0	26594	0	0	0	0	32200	0	0	0	0	40527	0	0	0	0	40527	0	0	0	0	0	0	0	10920	0	0	false	true	0	0	0	0	false	0	false	0	false	0	false	0
1073759022	7	0	1	0	0	6475	0	0	0	0	6475	0	0	0	0	6475	0	0	0	0	6475	0	0	0	0	6475	0	0	0	0	6475	0	0	0	0	6475	0	0	0	0	6475	0	0	0	0	6475	0	0	0	0	6475	0	0	0	0	0	10920	0	0	false	false	0	0	0	0	false	0	false	0	false	0	false	0
1073759023	7	0	1	0	0	6475	0	0	0	0	6475	0	0	0	0	6475	0	0	0	0	6475	0	0	0	0	6475	0	0	0	0	6475	0	0	0	0	6475	0	0	0	0	6475	0	0	0	0	6475	0	0	0	0	6475	0	0	0	0	0	10920	0	0	false	false	0	0	0	0	false	0	false	0	false	0	false	0
1073759024	7	0	1	0	0	6475	0	0	0	0	6475	0	0	0	0	6475	0	0	0	0	6475	0	0	0	0	6475	0	0	0	0	6475	0	0	0	0	6475	0	0	0	0	6475	0	0	0	0	6475	0	0	0	0	6475	0	0	0	0	0	10920	0	0	false	false	0	0	0	0	false	0	false	0	false	0	false	0
1073759025	7	0	1	0	0	6475	0	0	0	0	6475	0	0	0	0	6475	0	0	0	0	6475	0	0	0	0	6475	0	0	0	0	6475	0	0	0	0	6475	0	0	0	0	6475	0	0	0	0	6475	0	0	0	0	6475	0	0	0	0	0	10920	0	0	false	false	0	0	0	0	false	0	false	0	false	0	false	0
1073759026	6	0	1	6423	6418	6422	0	0	6423	6418	6422	0	0	6423	6418	6422	0	0	6423	6418	6422	0	0	6423	6418	6422	0	0	6423	6418	6422	0	0	6423	6418	6422	0	0	6423	6418	6422	0	0	6423	6418	6422	0	0	6423	6418	6422	0	0	0	0	0	10920	0	0	false	false	0	0	0	0	false	0	false	0	false	0	false	0
1073759027	6	0	1	6423	6418	6422	0	0	6423	6418	6422	0	0	6423	6418	6422	0	0	6423	6418	6422	0	0	6423	6418	6422	0	0	6423	6418	6422	0	0	6423	6418	6422	0	0	6423	6418	6422	0	0	6423	6418	6422	0	0	6423	6418	6422	0	0	0	0	0	10920	0	0	false	false	0	0	0	0	false	0	false	0	false	0	false	0
1073759028	0	0	1	6401	6398	6397	0	0	6386	6383	6382	0	0	6396	6393	6392	0	0	6391	6388	6387	0	0	6381	6378	6377	0	0	17540	17558	17559	0	0	17540	17558	17559	0	0	6386	6383	6382	0	0	38477	38474	38473	0	0	38477	38474	38473	0	0	0	0	0	10920	0	0	true	true	0	0	0	0	false	0	false	0	false	0	false	0
1073759029	10	0	1	6578	6575	6574	0	0	6578	6575	6574	0	0	6578	6575	6574	0	0	6578	6575	6574	0	0	6578	6575	6574	0	0	6578	6575	6574	0	0	6578	6575	6574	0	0	6578	6575	6574	0	0	6578	6575	6574	0	0	6578	6575	6574	0	0	0	0	0	10920	0	0	false	false	0	0	0	0	false	0	false	0	false	0	false	0
1073761193	9	0	1	12799	6428	6427	0	0	12799	6428	6427	0	0	12799	6428	6427	0	0	12799	6428	6427	0	0	12799	6428	6427	0	0	12799	6428	6427	0	0	12799	6428	6427	0	0	12799	6428	6427	0	0	12799	6428	6427	0	0	12799	6428	6427	0	0	0	0	0	10920	872415448	0	false	false	0	0	0	0	true	1000021440	false	0	false	0	false	0
1073761194	9	0	1	18547	18550	18549	0	0	18547	18550	18549	0	0	18547	18550	18549	0	0	18547	18550	18549	0	0	18547	18550	18549	0	0	18547	18550	18549	0	0	18547	18550	18549	0	0	18547	18550	18549	0	0	18547	18550	18549	0	0	18547	18550	18549	0	0	0	0	0	10920	872415448	0	false	false	0	0	0	0	true	1000021440	false	0	false	0	false	0
1073761195	9	0	1	6343	6342	6341	0	0	6343	6342	6341	0	0	6343	6342	6341	0	0	6343	6342	6341	0	0	6343	6342	6341	0	0	6343	6342	6341	0	0	6343	6342	6341	0	0	6343	6342	6341	0	0	6343	6342	6341	0	0	6343	6342	6341	0	0	0	0	0	10920	872415448	0	false	false	0	0	0	0	true	1000021440	false	0	false	0	false	0
1073761196	9	0	1	6346	6345	6344	0	0	6346	6345	6344	0	0	6346	6345	6344	0	0	6346	6345	6344	0	0	6346	6345	6344	0	0	6346	6345	6344	0	0	6346	6345	6344	0	0	6346	6345	6344	0	0	6346	6345	6344	0	0	6346	6345	6344	0	0	0	0	0	10920	872415448	0	false	false	0	0	0	0	true	1000021440	false	0	false	0	false	0
1073791265	9	0	1	6340	6339	6338	0	0	6340	6339	6338	0	0	6340	6339	6338	0	0	6340	6339	6338	0	0	6340	6339	6338	0	0	6340	6339	6338	0	0	6340	6339	6338	0	0	6340	6339	6338	0	0	6340	6339	6338	0	0	6340	6339	6338	0	0	0	0	0	10920	872415448	0	false	false	0	0	0	0	true	1000021440	false	0	false	0	false	0
1073791266	11	0	1	0	0	0	0	7514	0	0	0	0	7514	0	0	0	0	7514	0	0	0	0	7514	0	0	0	0	7514	0	0	0	0	7514	0	0	0	0	7514	0	0	0	0	7514	0	0	0	0	7514	0	0	0	0	7514	0	0	1	10920	872415448	0	false	false	0	0	0	0	true	1000021440	false	0	false	0	false	0
1073791267	0	0	1	6436	0	0	0	0	6433	0	0	0	0	6435	0	0	0	0	6434	0	0	0	0	6432	0	0	0	0	17543	0	0	0	0	26594	0	0	0	0	32200	0	0	0	0	40527	0	0	0	0	40527	0	0	0	0	0	0	0	10920	17302784	0	false	true	0	0	0	0	true	1000010032	false	0	false	0	false	0
1073791268	7	0	1	0	0	6475	0	0	0	0	6475	0	0	0	0	6475	0	0	0	0	6475	0	0	0	0	6475	0	0	0	0	6475	0	0	0	0	6475	0	0	0	0	6475	0	0	0	0	6475	0	0	0	0	6475	0	0	0	0	0	10920	872415448	0	false	false	0	0	0	0	true	1000021440	false	0	false	0	false	0
1073791269	7	0	1	0	0	6475	0	0	0	0	6475	0	0	0	0	6475	0	0	0	0	6475	0	0	0	0	6475	0	0	0	0	6475	0	0	0	0	6475	0	0	0	0	6475	0	0	0	0	6475	0	0	0	0	6475	0	0	0	0	0	10920	872415448	0	false	false	0	0	0	0	true	1000021440	false	0	false	0	false	0
1073791270	7	0	1	0	0	6475	0	0	0	0	6475	0	0	0	0	6475	0	0	0	0	6475	0	0	0	0	6475	0	0	0	0	6475	0	0	0	0	6475	0	0	0	0	6475	0	0	0	0	6475	0	0	0	0	6475	0	0	0	0	0	10920	872415448	0	false	false	0	0	0	0	true	1000021440	false	0	false	0	false	0
1073791271	7	0	1	0	0	6475	0	0	0	0	6475	0	0	0	0	6475	0	0	0	0	6475	0	0	0	0	6475	0	0	0	0	6475	0	0	0	0	6475	0	0	0	0	6475	0	0	0	0	6475	0	0	0	0	6475	0	0	0	0	0	10920	872415448	0	false	false	0	0	0	0	true	1000021440	false	0	false	0	false	0
1073791272	6	0	1	6423	6418	6422	0	0	6423	6418	6422	0	0	6423	6418	6422	0	0	6423	6418	6422	0	0	6423	6418	6422	0	0	6423	6418	6422	0	0	6423	6418	6422	0	0	6423	6418	6422	0	0	6423	6418	6422	0	0	6423	6418	6422	0	0	0	0	0	10920	872415448	0	false	false	0	0	0	0	true	1000021440	false	0	false	0	false	0
1073791273	6	0	1	6423	6418	6422	0	0	6423	6418	6422	0	0	6423	6418	6422	0	0	6423	6418	6422	0	0	6423	6418	6422	0	0	6423	6418	6422	0	0	6423	6418	6422	0	0	6423	6418	6422	0	0	6423	6418	6422	0	0	6423	6418	6422	0	0	0	0	0	10920	872415448	0	false	false	0	0	0	0	true	1000021440	false	0	false	0	false	0
1073791274	10	0	1	6581	6580	6579	0	0	6581	6580	6579	0	0	6581	6580	6579	0	0	6581	6580	6579	0	0	6581	6580	6579	0	0	6581	6580	6579	0	0	6581	6580	6579	0	0	6581	6580	6579	0	0	6581	6580	6579	0	0	6581	6580	6579	0	0	0	0	0	10920	872415448	0	false	false	0	0	0	0	true	1000021440	false	0	false	0	false	0
1073791275	10	0	1	6581	6580	6579	0	0	6581	6580	6579	0	0	6581	6580	6579	0	0	6581	6580	6579	0	0	6581	6580	6579	0	0	6581	6580	6579	0	0	6581	6580	6579	0	0	6581	6580	6579	0	0	6581	6580	6579	0	0	6581	6580	6579	0	0	0	0	0	10920	872415448	0	false	false	0	0	0	0	true	1000021440	false	0	false	0	false	0
1073791276	10	0	1	6577	6575	6574	0	0	6577	6575	6574	0	0	6577	6575	6574	0	0	6577	6575	6574	0	0	6577	6575	6574	0	0	6577	6575	6574	0	0	6577	6575	6574	0	0	6577	6575	6574	0	0	6577	6575	6574	0	0	6577	6575	6574	0	0	0	0	0	10920	872415448	0	false	false	0	0	0	0	true	1000021440	false	0	false	0	false	0
1073791277	10	0	1	6577	6575	6574	0	0	6577	6575	6574	0	0	6577	6575	6574	0	0	6577	6575	6574	0	0	6577	6575	6574	0	0	6577	6575	6574	0	0	6577	6575	6574	0	0	6577	6575	6574	0	0	6577	6575	6574	0	0	6577	6575	6574	0	0	0	0	0	10920	872415448	0	false	false	0	0	0	0	true	1000021440	false	0	false	0	false	0
1073791278	0	0	1	6416	6415	6414	0	0	6407	6406	6405	0	0	6413	6412	6411	0	0	6410	6409	6408	0	0	6404	6403	6402	0	0	17560	17561	17562	0	0	17560	17561	17562	0	0	6407	6406	6405	0	0	6407	6406	6405	0	0	6407	6406	6405	0	0	0	0	0	10920	17302784	0	true	true	0	0	0	0	true	1000010032	false	0	false	0	false	0
1073791279	0	0	1	6400	6398	6397	0	0	6385	6383	6382	0	0	6395	6393	6392	0	0	6390	6388	6387	0	0	6380	6378	6377	0	0	17541	17558	17559	0	0	17541	17558	17559	0	0	6385	6383	6382	0	0	6385	6383	6382	0	0	6385	6383	6382	0	0	0	0	0	10920	17302784	0	true	true	0	0	0	0	true	1000010032	false	0	false	0	false	0
1073791325	9	0	1	16022	15838	15839	0	0	16022	15838	15839	0	0	16022	15838	15839	0	0	16022	15838	15839	0	0	16022	15838	15839	0	0	16022	15838	15839	0	0	16022	15838	15839	0	0	16022	15838	15839	0	0	16022	15838	15839	0	0	16022	15838	15839	0	0	0	0	0	10920	0	0	false	false	0	0	0	0	false	0	false	0	false	0	false	0
1073812757	9	0	1	18547	18550	18549	0	0	18547	18550	18549	0	0	18547	18550	18549	0	0	18547	18550	18549	0	0	18547	18550	18549	0	0	18547	18550	18549	0	0	18547	18550	18549	0	0	18547	18550	18549	0	0	18547	18550	18549	0	0	18547	18550	18549	0	0	0	0	0	10920	872415448	0	false	false	0	0	0	0	true	1000021440	false	0	false	0	false	0
1073774518	9	0	1	21816	21777	21778	0	0	21816	21777	21778	0	0	21816	21777	21778	0	0	21816	21777	21778	0	0	21816	21777	21778	0	0	21816	21777	21778	0	0	21816	21777	21778	0	0	21816	21777	21778	0	0	0	0	0	0	0	0	0	0	0	0	0	0	0	10920	872415627	0	false	false	0	0	0	0	true	1000021440	false	0	false	0	false	0
1073774519	9	0	1	21816	21777	21778	0	0	21816	21777	21778	0	0	21816	21777	21778	0	0	21816	21777	21778	0	0	21816	21777	21778	0	0	21816	21777	21778	0	0	21816	21777	21778	0	0	21816	21777	21778	0	0	0	0	0	0	0	0	0	0	0	0	0	0	0	10920	872415627	0	false	false	0	0	0	0	true	1000021440	false	0	false	0	false	0
1073774520	12	0	1	14305	14304	14303	0	0	14305	14304	14303	0	0	14305	14304	14303	0	0	14305	14304	14303	0	0	14305	14304	14303	0	0	14305	14304	14303	0	0	14305	14304	14303	0	0	14305	14304	14303	0	0	0	0	0	0	0	0	0	0	0	0	0	0	0	10920	17308928	0	false	false	0	0	0	0	true	1000021440	false	0	false	0	false	0
1073774521	12	0	1	14308	14307	14306	0	0	14308	14307	14306	0	0	14308	14307	14306	0	0	14308	14307	14306	0	0	14308	14307	14306	0	0	14308	14307	14306	0	0	14308	14307	14306	0	0	14308	14307	14306	0	0	0	0	0	0	0	0	0	0	0	0	0	0	0	10920	17308928	0	false	false	0	0	0	0	true	1000021440	false	0	false	0	false	0
1073774522	9	0	1	6373	6370	6369	0	0	6373	6370	6369	0	0	6373	6370	6369	0	0	6373	6370	6369	0	0	6373	6370	6369	0	0	6373	6370	6369	0	0	6373	6370	6369	0	0	6373	6370	6369	0	0	0	0	0	0	0	0	0	0	0	0	0	0	0	10920	17308928	0	false	false	0	0	0	0	true	1000021440	false	0	false	0	false	0
1073774523	9	0	1	6371	6370	6369	0	0	6371	6370	6369	0	0	6371	6370	6369	0	0	6371	6370	6369	0	0	6371	6370	6369	0	0	6371	6370	6369	0	0	6371	6370	6369	0	0	6371	6370	6369	0	0	0	0	0	0	0	0	0	0	0	0	0	0	0	10920	17308928	0	false	false	0	0	0	0	true	1000021440	false	0	false	0	false	0
1073774524	9	0	1	6372	6370	6369	0	0	6372	6370	6369	0	0	6372	6370	6369	0	0	6372	6370	6369	0	0	6372	6370	6369	0	0	6372	6370	6369	0	0	6372	6370	6369	0	0	6372	6370	6369	0	0	0	0	0	0	0	0	0	0	0	0	0	0	0	10920	17308928	0	false	false	0	0	0	0	true	1000021440	false	0	false	0	false	0
1073774525	10	0	1	6578	6575	6574	0	0	6578	6575	6574	0	0	6578	6575	6574	0	0	6578	6575	6574	0	0	6578	6575	6574	0	0	6578	6575	6574	0	0	6578	6575	6574	0	0	6578	6575	6574	0	0	0	0	0	0	0	0	0	0	0	0	0	0	0	10920	17308928	0	false	false	0	0	0	0	true	1000021440	false	0	false	0	false	0
1073774526	10	0	1	6577	6575	6574	0	0	6577	6575	6574	0	0	6577	6575	6574	0	0	6577	6575	6574	0	0	6577	6575	6574	0	0	6577	6575	6574	0	0	6577	6575	6574	0	0	6577	6575	6574	0	0	0	0	0	0	0	0	0	0	0	0	0	0	0	10920	17308928	0	false	false	0	0	0	0	true	1000021440	false	0	false	0	false	0
1073774527	10	0	1	6576	6575	6574	0	0	6576	6575	6574	0	0	6576	6575	6574	0	0	6576	6575	6574	0	0	6576	6575	6574	0	0	6576	6575	6574	0	0	6576	6575	6574	0	0	6576	6575	6574	0	0	0	0	0	0	0	0	0	0	0	0	0	0	0	10920	17308928	0	false	false	0	0	0	0	true	1000021440	false	0	false	0	false	0
1073774528	7	0	1	0	0	6475	0	0	0	0	6475	0	0	0	0	6475	0	0	0	0	6475	0	0	0	0	6475	0	0	0	0	6475	0	0	0	0	6475	0	0	0	0	6475	0	0	0	0	0	0	0	0	0	0	0	0	0	0	0	10920	17308928	0	false	false	0	0	0	0	true	1000021440	false	0	false	0	false	0
1073774529	7	0	1	0	0	6475	0	0	0	0	6475	0	0	0	0	6475	0	0	0	0	6475	0	0	0	0	6475	0	0	0	0	6475	0	0	0	0	6475	0	0	0	0	6475	0	0	0	0	0	0	0	0	0	0	0	0	0	0	0	10920	17308928	0	false	false	0	0	0	0	true	1000021440	false	0	false	0	false	0
1073774530	7	0	1	0	0	6475	0	0	0	0	6475	0	0	0	0	6475	0	0	0	0	6475	0	0	0	0	6475	0	0	0	0	6475	0	0	0	0	6475	0	0	0	0	6475	0	0	0	0	0	0	0	0	0	0	0	0	0	0	0	10920	17308928	0	false	false	0	0	0	0	true	1000021440	false	0	false	0	false	0
1073774531	7	0	1	0	0	6475	0	0	0	0	6475	0	0	0	0	6475	0	0	0	0	6475	0	0	0	0	6475	0	0	0	0	6475	0	0	0	0	6475	0	0	0	0	6475	0	0	0	0	0	0	0	0	0	0	0	0	0	0	0	10920	17308928	0	false	false	0	0	0	0	true	1000021440	false	0	false	0	false	0
1073774532	6	0	1	6375	6418	6422	0	0	6375	6418	6422	0	0	6375	6418	6422	0	0	6375	6418	6422	0	0	6375	6418	6422	0	0	6375	6418	6422	0	0	6375	6418	6422	0	0	6375	6418	6422	0	0	0	0	0	0	0	0	0	0	0	0	0	0	0	10920	17308928	0	false	false	0	0	0	0	true	1000021440	false	0	false	0	false	0
1073774533	6	0	1	6375	6418	6422	0	0	6375	6418	6422	0	0	6375	6418	6422	0	0	6375	6418	6422	0	0	6375	6418	6422	0	0	6375	6418	6422	0	0	6375	6418	6422	0	0	6375	6418	6422	0	0	0	0	0	0	0	0	0	0	0	0	0	0	0	10920	17308928	0	false	false	0	0	0	0	true	1000021440	false	0	false	0	false	0
1073774534	11	0	1	0	0	0	0	7518	0	0	0	0	7518	0	0	0	0	7518	0	0	0	0	7518	0	0	0	0	7518	0	0	0	0	7518	0	0	0	0	7518	0	0	0	0	7518	0	0	0	0	0	0	0	0	0	0	0	0	1	10920	0	0	false	false	0	0	0	0	false	0	false	0	false	0	false	0
1073774535	11	0	1	0	0	0	0	7519	0	0	0	0	7519	0	0	0	0	7519	0	0	0	0	7519	0	0	0	0	7519	0	0	0	0	7519	0	0	0	0	7519	0	0	0	0	7519	0	0	0	0	0	0	0	0	0	0	0	0	1	10920	0	0	false	false	0	0	0	0	false	0	false	0	false	0	false	0
1073774536	0	0	1	6400	6398	6397	0	0	6385	6383	6382	0	0	6395	6393	6392	0	0	6390	6388	6387	0	0	6380	6378	6377	0	0	17541	17558	17559	0	0	27343	27344	27345	0	0	6385	6383	6382	0	0	0	0	0	0	0	0	0	0	0	0	0	0	0	10920	17302784	0	true	true	0	0	0	0	true	1000010032	false	0	false	0	false	0
1073774537	0	0	1	6399	6398	6397	0	0	6384	6383	6382	0	0	6394	6393	6392	0	0	6389	6388	6387	0	0	6379	6378	6377	0	0	17542	17558	17559	0	0	27655	27344	27345	0	0	6384	6383	6382	0	0	0	0	0	0	0	0	0	0	0	0	0	0	0	10920	17302784	0	true	true	0	0	0	0	true	1000010032	false	0	false	0	false	0
1073774538	5	0	0	0	0	0	0	0	0	0	0	0	0	0	0	0	0	0	0	0	0	0	0	0	0	0	0	0	0	0	0	0	0	0	0	0	0	0	0	0	0	0	0	0	0	0	0	0	0	0	0	0	0	0	0	0	10920	17308928	0	false	false	0	0	0	0	true	1000021440	false	0	false	0	false	0
1073797966	9	0	1	21819	21777	21778	0	0	21819	21777	21778	0	0	21819	21777	21778	0	0	21819	21777	21778	0	0	21819	21777	21778	0	0	21819	21777	21778	0	0	21819	21777	21778	0	0	21819	21777	21778	0	0	21819	21777	21778	0	0	21819	21777	21778	0	0	0	0	0	10920	872415627	0	false	false	0	0	0	0	true	1000021440	false	0	false	0	false	0
71000000	1	10000	0	9275	0	0	0	0	0	0	0	0	0	0	0	0	0	0	0	0	0	0	0	0	0	0	0	0	0	0	0	0	0	0	0	0	0	0	0	0	0	0	0	0	0	0	0	0	0	0	0	0	0	0	0	0	10920	0	0	false	false	0	0	0	0	false	0	false	0	false	0	false	0
71000005	3	10000	0	9275	0	0	0	0	0	0	0	0	0	0	0	0	0	0	0	0	0	0	0	0	0	0	0	0	0	0	0	0	0	0	0	0	0	0	0	0	0	0	0	0	0	0	0	0	0	0	0	0	0	0	0	0	10920	0	0	false	false	0	0	0	0	false	0	false	0	false	0	false	0
71000010	1	10000	0	0	0	0	0	0	5658	0	0	0	0	0	0	0	0	0	0	0	0	0	0	0	0	0	0	0	0	0	0	0	0	0	0	0	0	0	0	0	0	0	0	0	0	0	0	0	0	0	0	0	0	0	0	0	10920	0	0	false	false	0	0	0	0	false	0	false	0	false	0	false	0
71000015	3	10000	0	0	0	0	0	0	5658	0	0	0	0	0	0	0	0	0	0	0	0	0	0	0	0	0	0	0	0	0	0	0	0	0	0	0	0	0	0	0	0	0	0	0	0	0	0	0	0	0	0	0	0	0	0	0	10920	0	0	false	false	0	0	0	0	false	0	false	0	false	0	false	0
71000001	2	10000	0	9279	0	0	0	0	0	0	0	0	0	0	0	0	0	0	0	0	0	0	0	0	0	0	0	0	0	0	0	0	0	0	0	0	0	0	0	0	0	0	0	0	0	0	0	0	0	0	0	0	0	0	0	0	10920	0	0	false	false	0	0	0	0	false	0	false	0	false	0	false	0
71000006	4	10000	0	9279	0	0	0	0	0	0	0	0	0	0	0	0	0	0	0	0	0	0	0	0	0	0	0	0	0	0	0	0	0	0	0	0	0	0	0	0	0	0	0	0	0	0	0	0	0	0	0	0	0	0	0	0	10920	0	0	false	false	0	0	0	0	false	0	false	0	false	0	false	0
71000011	2	10000	0	0	0	0	0	0	5661	0	0	0	0	8063	0	0	0	0	0	0	0	0	0	0	0	0	0	0	0	0	0	0	0	0	0	0	0	0	0	0	0	0	0	0	0	0	0	0	0	0	0	0	0	0	0	0	10920	0	0	false	false	0	0	0	0	false	0	false	0	false	0	false	0
71000016	4	10000	0	0	0	0	0	0	5661	0	0	0	0	8063	0	0	0	0	0	0	0	0	0	0	0	0	0	0	0	0	0	0	0	0	0	0	0	0	0	0	0	0	0	0	0	0	0	0	0	0	0	0	0	0	0	0	10920	0	0	false	false	0	0	0	0	false	0	false	0	false	0	false	0
71000002	3	10000	0	9292	0	0	0	0	0	0	0	0	0	7540	0	0	0	0	0	0	0	0	0	0	0	0	0	0	0	0	0	0	0	0	0	0	0	0	0	0	0	0	0	0	0	0	0	0	0	0	0	0	0	0	0	0	10920	0	0	false	false	0	0	0	0	false	0	false	0	false	0	false	0
71000007	5	10000	0	9292	0	0	0	0	0	0	0	0	0	7540	0	0	0	0	0	0	0	0	0	0	0	0	0	0	0	0	0	0	0	0	0	0	0	0	0	0	0	0	0	0	0	0	0	0	0	0	0	0	0	0	0	0	10920	0	0	false	false	0	0	0	0	false	0	false	0	false	0	false	0
71000012	3	10000	0	0	0	0	0	0	5660	0	0	0	0	0	0	0	0	0	7003	0	0	0	0	0	0	0	0	0	0	0	0	0	0	0	0	0	0	0	0	0	0	0	0	0	0	0	0	0	0	0	0	0	0	0	0	0	10920	0	0	false	false	0	0	0	0	false	0	false	0	false	0	false	0
71000017	5	10000	0	0	0	0	0	0	5660	0	0	0	0	0	0	0	0	0	7003	0	0	0	0	0	0	0	0	0	0	0	0	0	0	0	0	0	0	0	0	0	0	0	0	0	0	0	0	0	0	0	0	0	0	0	0	0	10920	0	0	false	false	0	0	0	0	false	0	false	0	false	0	false	0
71000003	4	10000	0	9276	0	0	0	0	0	0	0	0	0	7726	0	0	0	0	0	0	0	0	0	0	0	0	0	0	0	0	0	0	0	0	0	0	0	0	0	0	0	0	0	0	0	0	0	0	0	0	0	0	0	0	0	0	10920	0	0	false	false	0	0	0	0	false	0	false	0	false	0	false	0
71000008	6	10000	0	9276	0	0	0	0	0	0	0	0	0	7726	0	0	0	0	0	0	0	0	0	0	0	0	0	0	0	0	0	0	0	0	0	0	0	0	0	0	0	0	0	0	0	0	0	0	0	0	0	0	0	0	0	0	10920	0	0	false	false	0	0	0	0	false	0	false	0	false	0	false	0
71000013	4	10000	0	0	0	0	0	0	5659	0	0	0	0	0	0	0	0	0	6855	0	0	0	0	0	0	0	0	0	0	0	0	0	0	0	0	0	0	0	0	0	0	0	0	0	0	0	0	0	0	0	0	0	0	0	0	0	10920	0	0	false	false	0	0	0	0	false	0	false	0	false	0	false	0
71000018	6	10000	0	0	0	0	0	0	0	0	0	0	0	0	0	0	0	0	6855	0	0	0	0	0	0	0	0	0	0	0	0	0	0	0	0	0	0	0	0	0	0	0	0	0	0	0	0	0	0	0	0	0	0	0	0	0	10920	0	0	false	false	0	0	0	0	false	0	false	0	false	0	false	0
71000211	9	10000	0	6584	6583	6582	0	0	6584	6583	6582	0	0	6584	6583	6582	0	0	6584	6583	6582	0	0	0	0	0	0	0	0	0	0	0	0	0	0	0	0	0	0	0	0	0	0	0	0	0	0	0	0	0	0	0	0	0	0	0	10920	0	0	false	false	0	0	0	0	false	0	false	0	false	0	false	0
71000212	6	10000	0	6419	0	0	0	0	6419	0	0	0	0	6419	0	0	0	0	6419	0	0	0	0	0	0	0	0	0	0	0	0	0	0	0	0	0	0	0	0	0	0	0	0	0	0	0	0	0	0	0	0	0	0	0	0	0	10920	0	0	false	false	0	0	0	0	false	0	false	0	false	0	false	0
71000213	10	10000	0	6573	6572	6571	0	0	6573	6572	6571	0	0	6573	6572	6571	0	0	6573	6572	6571	0	0	0	0	0	0	0	0	0	0	0	0	0	0	0	0	0	0	0	0	0	0	0	0	0	0	0	0	0	0	0	0	0	0	0	10920	0	0	false	false	0	0	0	0	false	0	false	0	false	0	false	0
71000214	12	10000	0	14308	14307	23436	0	0	14308	14307	23436	0	0	14308	14307	23436	0	0	14308	14307	23436	0	0	14308	14307	23436	0	0	14308	14307	23436	0	0	0	0	0	0	0	0	0	0	0	0	0	0	0	0	0	0	0	0	0	0	0	0	0	10920	0	0	false	false	0	0	0	0	false	0	false	0	false	0	false	0
71000215	7	10000	0	0	0	6476	0	0	0	0	6476	0	0	0	0	6476	0	0	0	0	6476	0	0	0	0	0	0	0	0	0	0	0	0	0	0	0	0	0	0	0	0	0	0	0	0	0	0	0	0	0	0	0	0	0	0	0	10920	0	0	false	false	0	0	0	0	false	0	false	0	false	0	false	0
71000216	7	10000	0	0	0	6476	0	0	0	0	6476	0	0	0	0	6476	0	0	0	0	6476	0	0	0	0	0	0	0	0	0	0	0	0	0	0	0	0	0	0	0	0	0	0	0	0	0	0	0	0	0	0	0	0	0	0	0	10920	0	0	false	false	0	0	0	0	false	0	false	0	false	0	false	0
71000217	0	10000	0	0	0	0	0	0	6459	6458	6457	0	0	0	0	0	0	0	0	0	0	0	0	0	0	0	0	0	0	0	0	0	0	0	0	0	0	0	0	0	0	0	0	0	0	0	0	0	0	0	0	0	0	0	0	0	10920	0	0	true	false	0	0	0	0	false	0	false	0	false	0	false	0
71000225	1	10000	0	0	0	0	0	0	6166	0	0	0	0	0	0	0	0	0	0	0	0	0	0	0	0	0	0	0	0	0	0	0	0	0	0	0	0	0	0	0	0	0	0	0	0	0	0	0	0	0	0	0	0	0	0	0	10920	0	0	false	false	0	0	0	0	false	0	false	0	false	0	false	0
71000226	1	10000	0	0	0	0	0	0	6166	0	0	0	0	0	0	0	0	0	0	0	0	0	0	0	0	0	0	0	0	0	0	0	0	0	0	0	0	0	0	0	0	0	0	0	0	0	0	0	0	0	0	0	0	0	0	0	10920	0	0	false	false	0	0	0	0	false	0	false	0	false	0	false	0
71000227	1	10000	0	0	0	0	0	0	6166	0	0	0	0	0	0	0	0	0	0	0	0	0	0	0	0	0	0	0	0	0	0	0	0	0	0	0	0	0	0	0	0	0	0	0	0	0	0	0	0	0	0	0	0	0	0	0	10920	0	0	false	false	0	0	0	0	false	0	false	0	false	0	false	0
71000228	1	10000	0	0	0	0	0	0	6166	0	0	0	0	0	0	0	0	0	0	0	0	0	0	0	0	0	0	0	0	0	0	0	0	0	0	0	0	0	0	0	0	0	0	0	0	0	0	0	0	0	0	0	0	0	0	0	10920	0	0	false	false	0	0	0	0	false	0	false	0	false	0	false	0
71000229	11	10000	0	0	0	0	0	8403	0	0	0	0	8403	0	0	0	0	8403	0	0	0	0	8403	0	0	0	0	0	0	0	0	0	0	0	0	0	0	0	0	0	0	0	0	0	0	0	0	0	0	0	0	0	0	0	0	0	0	0	0	false	false	0	0	0	0	false	0	false	0	false	0	false	0
71000230	11	10000	0	0	0	0	0	8404	0	0	0	0	8404	0	0	0	0	8404	0	0	0	0	8404	0	0	0	0	0	0	0	0	0	0	0	0	0	0	0	0	0	0	0	0	0	0	0	0	0	0	0	0	0	0	0	0	0	0	0	0	false	false	0	0	0	0	false	0	false	0	false	0	false	0
805306369	3	0	1	8868	0	0	0	0	0	0	0	0	0	0	0	0	0	0	0	0	0	0	0	0	0	0	0	0	0	0	0	0	0	0	0	0	0	0	0	0	0	0	0	0	0	0	0	0	0	0	0	0	0	0	0	0	10920	0	0	false	false	0	0	0	0	false	0	false	0	false	0	false	0
805306370	4	0	1	8871	0	0	0	0	0	0	0	0	0	0	0	0	0	0	0	0	0	0	0	0	0	0	0	0	0	0	0	0	0	0	0	0	0	0	0	0	0	0	0	0	0	0	0	0	0	0	0	0	0	0	0	0	10920	0	0	false	false	0	0	0	0	false	0	false	0	false	0	false	0
805306371	5	0	1	8870	0	0	0	0	0	0	0	0	0	0	0	0	0	0	0	0	0	0	0	0	0	0	0	0	0	0	0	0	0	0	0	0	0	0	0	0	0	0	0	0	0	0	0	0	0	0	0	0	0	0	0	0	10920	0	0	false	false	0	0	0	0	false	0	false	0	false	0	false	0
805306372	6	0	1	8869	0	0	0	0	0	0	0	0	0	0	0	0	0	0	0	0	0	0	0	0	0	0	0	0	0	0	0	0	0	0	0	0	0	0	0	0	0	0	0	0	0	0	0	0	0	0	0	0	0	0	0	0	10920	0	0	false	false	0	0	0	0	false	0	false	0	false	0	false	0
805306374	3	0	1	8987	0	0	0	0	0	0	0	0	0	0	0	0	0	0	0	0	0	0	0	0	0	0	0	0	0	0	0	0	0	0	0	0	0	0	0	0	0	0	0	0	0	0	0	0	0	0	0	0	0	0	0	0	10920	0	0	false	false	0	0	0	0	false	0	false	0	false	0	false	0
805306375	4	0	1	8990	0	0	0	0	0	0	0	0	0	0	0	0	0	0	0	0	0	0	0	0	0	0	0	0	0	0	0	0	0	0	0	0	0	0	0	0	0	0	0	0	0	0	0	0	0	0	0	0	0	0	0	0	10920	0	0	false	false	0	0	0	0	false	0	false	0	false	0	false	0
805306376	5	0	1	8989	0	0	0	0	0	0	0	0	0	0	0	0	0	0	0	0	0	0	0	0	0	0	0	0	0	0	0	0	0	0	0	0	0	0	0	0	0	0	0	0	0	0	0	0	0	0	0	0	0	0	0	0	10920	0	0	false	false	0	0	0	0	false	0	false	0	false	0	false	0
805306377	6	0	1	8988	0	0	0	0	0	0	0	0	0	0	0	0	0	0	0	0	0	0	0	0	0	0	0	0	0	0	0	0	0	0	0	0	0	0	0	0	0	0	0	0	0	0	0	0	0	0	0	0	0	0	0	0	10920	0	0	false	false	0	0	0	0	false	0	false	0	false	0	false	0
805306379	3	0	1	9085	0	0	0	0	0	0	0	0	0	0	0	0	0	0	0	0	0	0	0	0	0	0	0	0	0	0	0	0	0	0	0	0	0	0	0	0	0	0	0	0	0	0	0	0	0	0	0	0	0	0	0	0	10920	0	0	false	false	0	0	0	0	false	0	false	0	false	0	false	0
805306380	4	0	1	9088	0	0	0	0	0	0	0	0	0	0	0	0	0	0	0	0	0	0	0	0	0	0	0	0	0	0	0	0	0	0	0	0	0	0	0	0	0	0	0	0	0	0	0	0	0	0	0	0	0	0	0	0	10920	0	0	false	false	0	0	0	0	false	0	false	0	false	0	false	0
805306381	5	0	1	9087	0	0	0	0	0	0	0	0	0	0	0	0	0	0	0	0	0	0	0	0	0	0	0	0	0	0	0	0	0	0	0	0	0	0	0	0	0	0	0	0	0	0	0	0	0	0	0	0	0	0	0	0	10920	0	0	false	false	0	0	0	0	false	0	false	0	false	0	false	0
805306382	6	0	1	9086	0	0	0	0	0	0	0	0	0	0	0	0	0	0	0	0	0	0	0	0	0	0	0	0	0	0	0	0	0	0	0	0	0	0	0	0	0	0	0	0	0	0	0	0	0	0	0	0	0	0	0	0	10920	0	0	false	false	0	0	0	0	false	0	false	0	false	0	false	0
805306384	3	0	1	8763	0	0	0	0	0	0	0	0	0	0	0	0	0	0	0	0	0	0	0	0	0	0	0	0	0	0	0	0	0	0	0	0	0	0	0	0	0	0	0	0	0	0	0	0	0	0	0	0	0	0	0	0	10920	0	0	false	false	0	0	0	0	false	0	false	0	false	0	false	0
805306385	4	0	1	8767	0	0	0	0	0	0	0	0	0	0	0	0	0	0	0	0	0	0	0	0	0	0	0	0	0	0	0	0	0	0	0	0	0	0	0	0	0	0	0	0	0	0	0	0	0	0	0	0	0	0	0	0	10920	0	0	false	false	0	0	0	0	false	0	false	0	false	0	false	0
805306386	5	0	1	8765	0	0	0	0	0	0	0	0	0	0	0	0	0	0	0	0	0	0	0	0	0	0	0	0	0	0	0	0	0	0	0	0	0	0	0	0	0	0	0	0	0	0	0	0	0	0	0	0	0	0	0	0	10920	0	0	false	false	0	0	0	0	false	0	false	0	false	0	false	0
805306387	6	0	1	8764	0	0	0	0	0	0	0	0	0	0	0	0	0	0	0	0	0	0	0	0	0	0	0	0	0	0	0	0	0	0	0	0	0	0	0	0	0	0	0	0	0	0	0	0	0	0	0	0	0	0	0	0	10920	0	0	false	false	0	0	0	0	false	0	false	0	false	0	false	0
805306389	3	0	1	0	0	0	0	0	6068	0	0	0	0	0	0	0	0	0	0	0	0	0	0	0	0	0	0	0	0	0	0	0	0	0	0	0	0	0	0	0	0	0	0	0	0	0	0	0	0	0	0	0	0	0	0	0	10920	0	0	false	false	0	0	0	0	false	0	false	0	false	0	false	0
805306390	4	0	1	0	0	0	0	0	6071	0	0	0	0	0	0	0	0	0	0	0	0	0	0	0	0	0	0	0	0	0	0	0	0	0	0	0	0	0	0	0	0	0	0	0	0	0	0	0	0	0	0	0	0	0	0	0	10920	0	0	false	false	0	0	0	0	false	0	false	0	false	0	false	0
805306391	5	0	1	0	0	0	0	0	6070	0	0	0	0	0	0	0	0	0	0	0	0	0	0	0	0	0	0	0	0	0	0	0	0	0	0	0	0	0	0	0	0	0	0	0	0	0	0	0	0	0	0	0	0	0	0	0	10920	0	0	false	false	0	0	0	0	false	0	false	0	false	0	false	0
805306392	6	0	1	0	0	0	0	0	6069	0	0	0	0	0	0	0	0	0	0	0	0	0	0	0	0	0	0	0	0	0	0	0	0	0	0	0	0	0	0	0	0	0	0	0	0	0	0	0	0	0	0	0	0	0	0	0	10920	0	0	false	false	0	0	0	0	false	0	false	0	false	0	false	0
805306394	3	0	1	0	0	0	0	0	5658	0	0	0	0	0	0	0	0	0	0	0	0	0	0	0	0	0	0	0	0	0	0	0	0	0	0	0	0	0	0	0	0	0	0	0	0	0	0	0	0	0	0	0	0	0	0	0	10920	0	0	false	false	0	0	0	0	false	0	false	0	false	0	false	0
805306395	4	0	1	0	0	0	0	0	5661	0	0	0	0	0	0	0	0	0	0	0	0	0	0	0	0	0	0	0	0	0	0	0	0	0	0	0	0	0	0	0	0	0	0	0	0	0	0	0	0	0	0	0	0	0	0	0	10920	0	0	false	false	0	0	0	0	false	0	false	0	false	0	false	0
805306396	5	0	1	0	0	0	0	0	5660	0	0	0	0	0	0	0	0	0	0	0	0	0	0	0	0	0	0	0	0	0	0	0	0	0	0	0	0	0	0	0	0	0	0	0	0	0	0	0	0	0	0	0	0	0	0	0	10920	0	0	false	false	0	0	0	0	false	0	false	0	false	0	false	0
805306397	6	0	1	0	0	0	0	0	5659	0	0	0	0	0	0	0	0	0	0	0	0	0	0	0	0	0	0	0	0	0	0	0	0	0	0	0	0	0	0	0	0	0	0	0	0	0	0	0	0	0	0	0	0	0	0	0	10920	0	0	false	false	0	0	0	0	false	0	false	0	false	0	false	0
805306399	3	0	1	0	0	0	0	0	5938	0	0	0	0	0	0	0	0	0	0	0	0	0	0	0	0	0	0	0	0	0	0	0	0	0	0	0	0	0	0	0	0	0	0	0	0	0	0	0	0	0	0	0	0	0	0	0	10920	0	0	false	false	0	0	0	0	false	0	false	0	false	0	false	0
805306400	4	0	1	0	0	0	0	0	5941	0	0	0	0	0	0	0	0	0	0	0	0	0	0	0	0	0	0	0	0	0	0	0	0	0	0	0	0	0	0	0	0	0	0	0	0	0	0	0	0	0	0	0	0	0	0	0	10920	0	0	false	false	0	0	0	0	false	0	false	0	false	0	false	0
805306401	5	0	1	0	0	0	0	0	5940	0	0	0	0	0	0	0	0	0	0	0	0	0	0	0	0	0	0	0	0	0	0	0	0	0	0	0	0	0	0	0	0	0	0	0	0	0	0	0	0	0	0	0	0	0	0	0	10920	0	0	false	false	0	0	0	0	false	0	false	0	false	0	false	0
805306402	6	0	1	0	0	0	0	0	5939	0	0	0	0	0	0	0	0	0	0	0	0	0	0	0	0	0	0	0	0	0	0	0	0	0	0	0	0	0	0	0	0	0	0	0	0	0	0	0	0	0	0	0	0	0	0	0	10920	0	0	false	false	0	0	0	0	false	0	false	0	false	0	false	0
805306404	3	0	1	0	0	0	0	0	6096	0	0	0	0	0	0	0	0	0	0	0	0	0	0	0	0	0	0	0	0	0	0	0	0	0	0	0	0	0	0	0	0	0	0	0	0	0	0	0	0	0	0	0	0	0	0	0	10920	0	0	false	false	0	0	0	0	false	0	false	0	false	0	false	0
805306405	4	0	1	0	0	0	0	0	6100	0	0	0	0	0	0	0	0	0	0	0	0	0	0	0	0	0	0	0	0	0	0	0	0	0	0	0	0	0	0	0	0	0	0	0	0	0	0	0	0	0	0	0	0	0	0	0	10920	0	0	false	false	0	0	0	0	false	0	false	0	false	0	false	0
805306406	5	0	1	0	0	0	0	0	6098	0	0	0	0	0	0	0	0	0	0	0	0	0	0	0	0	0	0	0	0	0	0	0	0	0	0	0	0	0	0	0	0	0	0	0	0	0	0	0	0	0	0	0	0	0	0	0	10920	0	0	false	false	0	0	0	0	false	0	false	0	false	0	false	0
805306407	6	0	1	0	0	0	0	0	6097	0	0	0	0	0	0	0	0	0	0	0	0	0	0	0	0	0	0	0	0	0	0	0	0	0	0	0	0	0	0	0	0	0	0	0	0	0	0	0	0	0	0	0	0	0	0	0	10920	0	0	false	false	0	0	0	0	false	0	false	0	false	0	false	0
805306409	3	0	1	0	0	0	0	0	0	0	0	0	0	8166	0	0	0	0	0	0	0	0	0	0	0	0	0	0	0	0	0	0	0	0	0	0	0	0	0	0	0	0	0	0	0	0	0	0	0	0	0	0	0	0	0	0	10920	0	0	false	false	0	0	0	0	false	0	false	0	false	0	false	0
805306410	4	0	1	0	0	0	0	0	0	0	0	0	0	8169	0	0	0	0	0	0	0	0	0	0	0	0	0	0	0	0	0	0	0	0	0	0	0	0	0	0	0	0	0	0	0	0	0	0	0	0	0	0	0	0	0	0	10920	0	0	false	false	0	0	0	0	false	0	false	0	false	0	false	0
805306411	5	0	1	0	0	0	0	0	0	0	0	0	0	8168	0	0	0	0	0	0	0	0	0	0	0	0	0	0	0	0	0	0	0	0	0	0	0	0	0	0	0	0	0	0	0	0	0	0	0	0	0	0	0	0	0	0	10920	0	0	false	false	0	0	0	0	false	0	false	0	false	0	false	0
805306412	6	0	1	0	0	0	0	0	0	0	0	0	0	8167	0	0	0	0	0	0	0	0	0	0	0	0	0	0	0	0	0	0	0	0	0	0	0	0	0	0	0	0	0	0	0	0	0	0	0	0	0	0	0	0	0	0	10920	0	0	false	false	0	0	0	0	false	0	false	0	false	0	false	0
805306414	3	0	1	0	0	0	0	0	0	0	0	0	0	7538	0	0	0	0	0	0	0	0	0	0	0	0	0	0	0	0	0	0	0	0	0	0	0	0	0	0	0	0	0	0	0	0	0	0	0	0	0	0	0	0	0	0	10920	0	0	false	false	0	0	0	0	false	0	false	0	false	0	false	0
805306415	4	0	1	0	0	0	0	0	0	0	0	0	0	7541	0	0	0	0	0	0	0	0	0	0	0	0	0	0	0	0	0	0	0	0	0	0	0	0	0	0	0	0	0	0	0	0	0	0	0	0	0	0	0	0	0	0	10920	0	0	false	false	0	0	0	0	false	0	false	0	false	0	false	0
805306416	5	0	1	0	0	0	0	0	0	0	0	0	0	7540	0	0	0	0	0	0	0	0	0	0	0	0	0	0	0	0	0	0	0	0	0	0	0	0	0	0	0	0	0	0	0	0	0	0	0	0	0	0	0	0	0	0	10920	0	0	false	false	0	0	0	0	false	0	false	0	false	0	false	0
805306417	6	0	1	0	0	0	0	0	0	0	0	0	0	7539	0	0	0	0	0	0	0	0	0	0	0	0	0	0	0	0	0	0	0	0	0	0	0	0	0	0	0	0	0	0	0	0	0	0	0	0	0	0	0	0	0	0	10920	0	0	false	false	0	0	0	0	false	0	false	0	false	0	false	0
805306419	3	0	1	0	0	0	0	0	0	0	0	0	0	7550	0	0	0	0	0	0	0	0	0	0	0	0	0	0	0	0	0	0	0	0	0	0	0	0	0	0	0	0	0	0	0	0	0	0	0	0	0	0	0	0	0	0	10920	0	0	false	false	0	0	0	0	false	0	false	0	false	0	false	0
805306420	4	0	1	0	0	0	0	0	0	0	0	0	0	7553	0	0	0	0	0	0	0	0	0	0	0	0	0	0	0	0	0	0	0	0	0	0	0	0	0	0	0	0	0	0	0	0	0	0	0	0	0	0	0	0	0	0	10920	0	0	false	false	0	0	0	0	false	0	false	0	false	0	false	0
805306421	5	0	1	0	0	0	0	0	0	0	0	0	0	7552	0	0	0	0	0	0	0	0	0	0	0	0	0	0	0	0	0	0	0	0	0	0	0	0	0	0	0	0	0	0	0	0	0	0	0	0	0	0	0	0	0	0	10920	0	0	false	false	0	0	0	0	false	0	false	0	false	0	false	0
805306422	6	0	1	0	0	0	0	0	0	0	0	0	0	7551	0	0	0	0	0	0	0	0	0	0	0	0	0	0	0	0	0	0	0	0	0	0	0	0	0	0	0	0	0	0	0	0	0	0	0	0	0	0	0	0	0	0	10920	0	0	false	false	0	0	0	0	false	0	false	0	false	0	false	0
805306424	3	0	1	0	0	0	0	0	0	0	0	0	0	7926	0	0	0	0	0	0	0	0	0	0	0	0	0	0	0	0	0	0	0	0	0	0	0	0	0	0	0	0	0	0	0	0	0	0	0	0	0	0	0	0	0	0	10920	0	0	false	false	0	0	0	0	false	0	false	0	false	0	false	0
805306425	4	0	1	0	0	0	0	0	0	0	0	0	0	7930	0	0	0	0	0	0	0	0	0	0	0	0	0	0	0	0	0	0	0	0	0	0	0	0	0	0	0	0	0	0	0	0	0	0	0	0	0	0	0	0	0	0	10920	0	0	false	false	0	0	0	0	false	0	false	0	false	0	false	0
805306426	5	0	1	0	0	0	0	0	0	0	0	0	0	7928	0	0	0	0	0	0	0	0	0	0	0	0	0	0	0	0	0	0	0	0	0	0	0	0	0	0	0	0	0	0	0	0	0	0	0	0	0	0	0	0	0	0	10920	0	0	false	false	0	0	0	0	false	0	false	0	false	0	false	0
805306427	6	0	1	0	0	0	0	0	0	0	0	0	0	7927	0	0	0	0	0	0	0	0	0	0	0	0	0	0	0	0	0	0	0	0	0	0	0	0	0	0	0	0	0	0	0	0	0	0	0	0	0	0	0	0	0	0	10920	0	0	false	false	0	0	0	0	false	0	false	0	false	0	false	0
805306429	3	0	1	0	0	0	0	0	0	0	0	0	0	0	0	0	0	0	7269	0	0	0	0	0	0	0	0	0	0	0	0	0	0	0	0	0	0	0	0	0	0	0	0	0	0	0	0	0	0	0	0	0	0	0	0	0	10920	0	0	false	false	0	0	0	0	false	0	false	0	false	0	false	0
805306430	4	0	1	0	0	0	0	0	0	0	0	0	0	0	0	0	0	0	7272	0	0	0	0	0	0	0	0	0	0	0	0	0	0	0	0	0	0	0	0	0	0	0	0	0	0	0	0	0	0	0	0	0	0	0	0	0	10920	0	0	false	false	0	0	0	0	false	0	false	0	false	0	false	0
805306431	5	0	1	0	0	0	0	0	0	0	0	0	0	0	0	0	0	0	7271	0	0	0	0	0	0	0	0	0	0	0	0	0	0	0	0	0	0	0	0	0	0	0	0	0	0	0	0	0	0	0	0	0	0	0	0	0	10920	0	0	false	false	0	0	0	0	false	0	false	0	false	0	false	0
805306432	6	0	1	0	0	0	0	0	0	0	0	0	0	0	0	0	0	0	7270	0	0	0	0	0	0	0	0	0	0	0	0	0	0	0	0	0	0	0	0	0	0	0	0	0	0	0	0	0	0	0	0	0	0	0	0	0	10920	0	0	false	false	0	0	0	0	false	0	false	0	false	0	false	0
805306434	3	0	1	0	0	0	0	0	0	0	0	0	0	0	0	0	0	0	7165	0	0	0	0	0	0	0	0	0	0	0	0	0	0	0	0	0	0	0	0	0	0	0	0	0	0	0	0	0	0	0	0	0	0	0	0	0	10920	0	0	false	false	0	0	0	0	false	0	false	0	false	0	false	0
805306435	4	0	1	0	0	0	0	0	0	0	0	0	0	0	0	0	0	0	7168	0	0	0	0	0	0	0	0	0	0	0	0	0	0	0	0	0	0	0	0	0	0	0	0	0	0	0	0	0	0	0	0	0	0	0	0	0	10920	0	0	false	false	0	0	0	0	false	0	false	0	false	0	false	0
805306436	5	0	1	0	0	0	0	0	0	0	0	0	0	0	0	0	0	0	7167	0	0	0	0	0	0	0	0	0	0	0	0	0	0	0	0	0	0	0	0	0	0	0	0	0	0	0	0	0	0	0	0	0	0	0	0	0	10920	0	0	false	false	0	0	0	0	false	0	false	0	false	0	false	0
805306437	6	0	1	0	0	0	0	0	0	0	0	0	0	0	0	0	0	0	7166	0	0	0	0	0	0	0	0	0	0	0	0	0	0	0	0	0	0	0	0	0	0	0	0	0	0	0	0	0	0	0	0	0	0	0	0	0	10920	0	0	false	false	0	0	0	0	false	0	false	0	false	0	false	0
805306439	3	0	1	0	0	0	0	0	0	0	0	0	0	0	0	0	0	0	6764	0	0	0	0	0	0	0	0	0	0	0	0	0	0	0	0	0	0	0	0	0	0	0	0	0	0	0	0	0	0	0	0	0	0	0	0	0	10920	0	0	false	false	0	0	0	0	false	0	false	0	false	0	false	0
805306440	4	0	1	0	0	0	0	0	0	0	0	0	0	0	0	0	0	0	6768	0	0	0	0	0	0	0	0	0	0	0	0	0	0	0	0	0	0	0	0	0	0	0	0	0	0	0	0	0	0	0	0	0	0	0	0	0	10920	0	0	false	false	0	0	0	0	false	0	false	0	false	0	false	0
805306441	5	0	1	0	0	0	0	0	0	0	0	0	0	0	0	0	0	0	6766	0	0	0	0	0	0	0	0	0	0	0	0	0	0	0	0	0	0	0	0	0	0	0	0	0	0	0	0	0	0	0	0	0	0	0	0	0	10920	0	0	false	false	0	0	0	0	false	0	false	0	false	0	false	0
805306442	6	0	1	0	0	0	0	0	0	0	0	0	0	0	0	0	0	0	6765	0	0	0	0	0	0	0	0	0	0	0	0	0	0	0	0	0	0	0	0	0	0	0	0	0	0	0	0	0	0	0	0	0	0	0	0	0	10920	0	0	false	false	0	0	0	0	false	0	false	0	false	0	false	0
805306444	3	0	1	0	0	0	0	0	0	0	0	0	0	0	0	0	0	0	7092	0	0	0	0	0	0	0	0	0	0	0	0	0	0	0	0	0	0	0	0	0	0	0	0	0	0	0	0	0	0	0	0	0	0	0	0	0	10920	0	0	false	false	0	0	0	0	false	0	false	0	false	0	false	0
805306445	4	0	1	0	0	0	0	0	0	0	0	0	0	0	0	0	0	0	7095	0	0	0	0	0	0	0	0	0	0	0	0	0	0	0	0	0	0	0	0	0	0	0	0	0	0	0	0	0	0	0	0	0	0	0	0	0	10920	0	0	false	false	0	0	0	0	false	0	false	0	false	0	false	0
805306446	5	0	1	0	0	0	0	0	0	0	0	0	0	0	0	0	0	0	7094	0	0	0	0	0	0	0	0	0	0	0	0	0	0	0	0	0	0	0	0	0	0	0	0	0	0	0	0	0	0	0	0	0	0	0	0	0	10920	0	0	false	false	0	0	0	0	false	0	false	0	false	0	false	0
805306447	6	0	1	0	0	0	0	0	0	0	0	0	0	0	0	0	0	0	7093	0	0	0	0	0	0	0	0	0	0	0	0	0	0	0	0	0	0	0	0	0	0	0	0	0	0	0	0	0	0	0	0	0	0	0	0	0	10920	0	0	false	false	0	0	0	0	false	0	false	0	false	0	false	0
805306448	2	0	1	8757	0	0	0	0	5868	0	0	0	0	7977	0	0	0	0	7091	0	0	0	0	0	0	0	0	0	0	0	0	0	0	0	0	0	0	0	0	0	0	0	0	0	0	0	0	0	0	0	0	0	0	0	0	1	10920	0	0	false	false	0	0	0	0	false	0	false	0	false	0	false	0
805306451	0	0	1	6609	6586	6585	0	0	6594	6586	6585	0	0	6604	6586	6585	0	0	6599	6586	6585	0	0	0	0	0	0	0	0	0	0	0	0	0	0	0	0	0	0	0	0	0	0	0	0	0	0	0	0	0	0	0	0	0	0	0	10920	0	0	false	false	0	0	0	0	false	0	false	0	false	0	false	0
805306452	10	0	1	6589	6588	6587	0	0	6589	6588	6587	0	0	6589	6588	6587	0	0	6589	6588	6587	0	0	0	0	0	0	0	0	0	0	0	0	0	0	0	0	0	0	0	0	0	0	0	0	0	0	0	0	0	0	0	0	0	0	0	10920	0	0	false	false	0	0	0	0	false	0	false	0	false	0	false	0
805306453	0	0	1	8649	0	0	0	0	5722	0	0	0	0	7840	0	0	0	0	6955	0	0	0	0	0	0	0	0	0	0	0	0	0	0	0	0	0	0	0	0	0	0	0	0	0	0	0	0	0	0	0	0	0	0	0	0	1	10920	0	0	false	false	0	0	0	0	false	0	false	0	false	0	false	0
805306454	0	0	1	8965	0	0	0	0	0	0	0	0	0	0	0	0	0	0	0	0	0	0	0	0	0	0	0	0	0	0	0	0	0	0	0	0	0	0	0	0	0	0	0	0	0	0	0	0	0	0	0	0	0	0	0	1	10920	0	0	false	false	0	0	0	0	false	0	false	0	false	0	false	0
805306455	1	0	1	9085	0	0	0	0	0	0	0	0	0	0	0	0	0	0	0	0	0	0	0	0	0	0	0	0	0	0	0	0	0	0	0	0	0	0	0	0	0	0	0	0	0	0	0	0	0	0	0	0	0	0	0	0	10920	0	0	false	false	0	0	0	0	false	0	false	0	false	0	false	0
805306456	2	0	1	9088	0	0	0	0	0	0	0	0	0	0	0	0	0	0	0	0	0	0	0	0	0	0	0	0	0	0	0	0	0	0	0	0	0	0	0	0	0	0	0	0	0	0	0	0	0	0	0	0	0	0	0	0	10920	0	0	false	false	0	0	0	0	false	0	false	0	false	0	false	0
805306457	3	0	1	9087	0	0	0	0	0	0	0	0	0	0	0	0	0	0	0	0	0	0	0	0	0	0	0	0	0	0	0	0	0	0	0	0	0	0	0	0	0	0	0	0	0	0	0	0	0	0	0	0	0	0	0	0	10920	0	0	false	false	0	0	0	0	false	0	false	0	false	0	false	0
805306458	4	0	1	9086	0	0	0	0	0	0	0	0	0	0	0	0	0	0	0	0	0	0	0	0	0	0	0	0	0	0	0	0	0	0	0	0	0	0	0	0	0	0	0	0	0	0	0	0	0	0	0	0	0	0	0	0	10920	0	0	false	false	0	0	0	0	false	0	false	0	false	0	false	0
805306459	0	0	1	0	0	0	0	0	5646	0	0	0	0	0	0	0	0	0	0	0	0	0	0	0	0	0	0	0	0	0	0	0	0	0	0	0	0	0	0	0	0	0	0	0	0	0	0	0	0	0	0	0	0	0	0	0	10920	0	0	false	true	0	0	0	0	false	0	false	0	false	0	false	0
805306460	1	0	1	0	0	0	0	0	6091	0	0	0	0	0	0	0	0	0	0	0	0	0	0	0	0	0	0	0	0	0	0	0	0	0	0	0	0	0	0	0	0	0	0	0	0	0	0	0	0	0	0	0	0	0	0	0	10920	0	0	false	false	0	0	0	0	false	0	false	0	false	0	false	0
805306461	2	0	1	0	0	0	0	0	6095	0	0	0	0	0	0	0	0	0	0	0	0	0	0	0	0	0	0	0	0	0	0	0	0	0	0	0	0	0	0	0	0	0	0	0	0	0	0	0	0	0	0	0	0	0	0	0	10920	0	0	false	false	0	0	0	0	false	0	false	0	false	0	false	0
805306462	3	0	1	0	0	0	0	0	6093	0	0	0	0	0	0	0	0	0	0	0	0	0	0	0	0	0	0	0	0	0	0	0	0	0	0	0	0	0	0	0	0	0	0	0	0	0	0	0	0	0	0	0	0	0	0	0	10920	0	0	false	false	0	0	0	0	false	0	false	0	false	0	false	0
805306463	4	0	1	0	0	0	0	0	6092	0	0	0	0	0	0	0	0	0	0	0	0	0	0	0	0	0	0	0	0	0	0	0	0	0	0	0	0	0	0	0	0	0	0	0	0	0	0	0	0	0	0	0	0	0	0	0	10920	0	0	false	false	0	0	0	0	false	0	false	0	false	0	false	0
805306464	0	0	1	0	0	0	0	0	0	0	0	0	0	7655	0	0	0	0	0	0	0	0	0	0	0	0	0	0	0	0	0	0	0	0	0	0	0	0	0	0	0	0	0	0	0	0	0	0	0	0	0	0	0	0	0	0	10920	0	0	false	false	0	0	0	0	false	0	false	0	false	0	false	0
805306465	1	0	1	0	0	0	0	0	0	0	0	0	0	8174	0	0	0	0	0	0	0	0	0	0	0	0	0	0	0	0	0	0	0	0	0	0	0	0	0	0	0	0	0	0	0	0	0	0	0	0	0	0	0	0	0	0	10920	0	0	false	false	0	0	0	0	false	0	false	0	false	0	false	0
805306466	2	0	1	0	0	0	0	0	0	0	0	0	0	8177	0	0	0	0	0	0	0	0	0	0	0	0	0	0	0	0	0	0	0	0	0	0	0	0	0	0	0	0	0	0	0	0	0	0	0	0	0	0	0	0	0	0	10920	0	0	false	false	0	0	0	0	false	0	false	0	false	0	false	0
805306467	3	0	1	0	0	0	0	0	0	0	0	0	0	8176	0	0	0	0	0	0	0	0	0	0	0	0	0	0	0	0	0	0	0	0	0	0	0	0	0	0	0	0	0	0	0	0	0	0	0	0	0	0	0	0	0	0	10920	0	0	false	false	0	0	0	0	false	0	false	0	false	0	false	0
805306468	4	0	1	0	0	0	0	0	0	0	0	0	0	8175	0	0	0	0	0	0	0	0	0	0	0	0	0	0	0	0	0	0	0	0	0	0	0	0	0	0	0	0	0	0	0	0	0	0	0	0	0	0	0	0	0	0	10920	0	0	false	false	0	0	0	0	false	0	false	0	false	0	false	0
805306469	0	0	1	0	0	0	0	0	0	0	0	0	0	0	0	0	0	0	7254	0	0	0	0	0	0	0	0	0	0	0	0	0	0	0	0	0	0	0	0	0	0	0	0	0	0	0	0	0	0	0	0	0	0	0	0	1	10920	0	0	false	false	0	0	0	0	false	0	false	0	false	0	false	0
805306470	1	0	1	0	0	0	0	0	0	0	0	0	0	0	0	0	0	0	7277	0	0	0	0	0	0	0	0	0	0	0	0	0	0	0	0	0	0	0	0	0	0	0	0	0	0	0	0	0	0	0	0	0	0	0	0	0	10920	0	0	false	false	0	0	0	0	false	0	false	0	false	0	false	0
805306471	2	0	1	0	0	0	0	0	0	0	0	0	0	0	0	0	0	0	7280	0	0	0	0	0	0	0	0	0	0	0	0	0	0	0	0	0	0	0	0	0	0	0	0	0	0	0	0	0	0	0	0	0	0	0	0	0	10920	0	0	false	false	0	0	0	0	false	0	false	0	false	0	false	0
805306472	3	0	1	0	0	0	0	0	0	0	0	0	0	0	0	0	0	0	7279	0	0	0	0	0	0	0	0	0	0	0	0	0	0	0	0	0	0	0	0	0	0	0	0	0	0	0	0	0	0	0	0	0	0	0	0	0	10920	0	0	false	false	0	0	0	0	false	0	false	0	false	0	false	0
805306473	4	0	1	0	0	0	0	0	0	0	0	0	0	0	0	0	0	0	7278	0	0	0	0	0	0	0	0	0	0	0	0	0	0	0	0	0	0	0	0	0	0	0	0	0	0	0	0	0	0	0	0	0	0	0	0	0	10920	0	0	false	false	0	0	0	0	false	0	false	0	false	0	false	0
805306474	0	0	1	6609	6586	6585	0	0	6594	6586	6585	0	0	6604	6586	6585	0	0	6599	6586	6585	0	0	14157	6586	6585	0	0	0	0	0	0	0	0	0	0	0	0	0	0	0	0	0	0	0	0	0	0	0	0	0	0	0	0	0	0	10920	0	0	false	false	0	0	0	0	false	0	false	0	false	0	false	0
805306475	0	0	1	8406	0	0	0	0	0	0	0	0	0	0	0	0	0	0	0	0	0	0	0	0	0	0	0	0	0	0	0	0	0	0	0	0	0	0	0	0	0	0	0	0	0	0	0	0	0	0	0	0	0	0	0	1	10920	0	0	false	false	0	0	0	0	false	0	false	0	false	0	false	0
805306476	1	0	1	8991	0	0	0	0	0	0	0	0	0	0	0	0	0	0	0	0	0	0	0	0	0	0	0	0	0	0	0	0	0	0	0	0	0	0	0	0	0	0	0	0	0	0	0	0	0	0	0	0	0	0	0	0	10920	0	0	false	false	0	0	0	0	false	0	false	0	false	0	false	0
805306477	2	0	1	8994	0	0	0	0	0	0	0	0	0	0	0	0	0	0	0	0	0	0	0	0	0	0	0	0	0	0	0	0	0	0	0	0	0	0	0	0	0	0	0	0	0	0	0	0	0	0	0	0	0	0	0	0	10920	0	0	false	false	0	0	0	0	false	0	false	0	false	0	false	0
805306478	3	0	1	8993	0	0	0	0	0	0	0	0	0	0	0	0	0	0	0	0	0	0	0	0	0	0	0	0	0	0	0	0	0	0	0	0	0	0	0	0	0	0	0	0	0	0	0	0	0	0	0	0	0	0	0	0	10920	0	0	false	false	0	0	0	0	false	0	false	0	false	0	false	0
805306479	4	0	1	8992	0	0	0	0	0	0	0	0	0	0	0	0	0	0	0	0	0	0	0	0	0	0	0	0	0	0	0	0	0	0	0	0	0	0	0	0	0	0	0	0	0	0	0	0	0	0	0	0	0	0	0	0	10920	0	0	false	false	0	0	0	0	false	0	false	0	false	0	false	0
805306480	0	0	1	0	0	0	0	0	5443	0	0	0	0	0	0	0	0	0	0	0	0	0	0	0	0	0	0	0	0	0	0	0	0	0	0	0	0	0	0	0	0	0	0	0	0	0	0	0	0	0	0	0	0	0	0	0	10920	0	0	false	false	0	0	0	0	false	0	false	0	false	0	false	0
805306481	1	0	1	0	0	0	0	0	6076	0	0	0	0	0	0	0	0	0	0	0	0	0	0	0	0	0	0	0	0	0	0	0	0	0	0	0	0	0	0	0	0	0	0	0	0	0	0	0	0	0	0	0	0	0	0	0	10920	0	0	false	false	0	0	0	0	false	0	false	0	false	0	false	0
805306482	2	0	1	0	0	0	0	0	6079	0	0	0	0	0	0	0	0	0	0	0	0	0	0	0	0	0	0	0	0	0	0	0	0	0	0	0	0	0	0	0	0	0	0	0	0	0	0	0	0	0	0	0	0	0	0	0	10920	0	0	false	false	0	0	0	0	false	0	false	0	false	0	false	0
805306483	3	0	1	0	0	0	0	0	6078	0	0	0	0	0	0	0	0	0	0	0	0	0	0	0	0	0	0	0	0	0	0	0	0	0	0	0	0	0	0	0	0	0	0	0	0	0	0	0	0	0	0	0	0	0	0	0	10920	0	0	false	false	0	0	0	0	false	0	false	0	false	0	false	0
805306484	4	0	1	0	0	0	0	0	6077	0	0	0	0	0	0	0	0	0	0	0	0	0	0	0	0	0	0	0	0	0	0	0	0	0	0	0	0	0	0	0	0	0	0	0	0	0	0	0	0	0	0	0	0	0	0	0	10920	0	0	false	false	0	0	0	0	false	0	false	0	false	0	false	0
805306485	0	0	1	0	0	0	0	0	0	0	0	0	0	7520	0	0	0	0	0	0	0	0	0	0	0	0	0	0	0	0	0	0	0	0	0	0	0	0	0	0	0	0	0	0	0	0	0	0	0	0	0	0	0	0	0	0	10920	0	0	false	false	0	0	0	0	false	0	false	0	false	0	false	0
805306486	1	0	1	0	0	0	0	0	0	0	0	0	0	8170	0	0	0	0	0	0	0	0	0	0	0	0	0	0	0	0	0	0	0	0	0	0	0	0	0	0	0	0	0	0	0	0	0	0	0	0	0	0	0	0	0	0	10920	0	0	false	false	0	0	0	0	false	0	false	0	false	0	false	0
805306487	2	0	1	0	0	0	0	0	0	0	0	0	0	8173	0	0	0	0	0	0	0	0	0	0	0	0	0	0	0	0	0	0	0	0	0	0	0	0	0	0	0	0	0	0	0	0	0	0	0	0	0	0	0	0	0	0	10920	0	0	false	false	0	0	0	0	false	0	false	0	false	0	false	0
805306488	3	0	1	0	0	0	0	0	0	0	0	0	0	8172	0	0	0	0	0	0	0	0	0	0	0	0	0	0	0	0	0	0	0	0	0	0	0	0	0	0	0	0	0	0	0	0	0	0	0	0	0	0	0	0	0	0	10920	0	0	false	false	0	0	0	0	false	0	false	0	false	0	false	0
805306489	4	0	1	0	0	0	0	0	0	0	0	0	0	8171	0	0	0	0	0	0	0	0	0	0	0	0	0	0	0	0	0	0	0	0	0	0	0	0	0	0	0	0	0	0	0	0	0	0	0	0	0	0	0	0	0	0	10920	0	0	false	false	0	0	0	0	false	0	false	0	false	0	false	0
805306490	0	0	1	0	0	0	0	0	0	0	0	0	0	0	0	0	0	0	6614	0	0	0	0	0	0	0	0	0	0	0	0	0	0	0	0	0	0	0	0	0	0	0	0	0	0	0	0	0	0	0	0	0	0	0	0	1	10920	0	0	false	false	0	0	0	0	false	0	false	0	false	0	false	0
805306491	1	0	1	0	0	0	0	0	0	0	0	0	0	0	0	0	0	0	7277	0	0	0	0	0	0	0	0	0	0	0	0	0	0	0	0	0	0	0	0	0	0	0	0	0	0	0	0	0	0	0	0	0	0	0	0	0	10920	0	0	false	false	0	0	0	0	false	0	false	0	false	0	false	0
805306492	2	0	1	0	0	0	0	0	0	0	0	0	0	0	0	0	0	0	7280	0	0	0	0	0	0	0	0	0	0	0	0	0	0	0	0	0	0	0	0	0	0	0	0	0	0	0	0	0	0	0	0	0	0	0	0	0	10920	0	0	false	false	0	0	0	0	false	0	false	0	false	0	false	0
805306493	3	0	1	0	0	0	0	0	0	0	0	0	0	0	0	0	0	0	7279	0	0	0	0	0	0	0	0	0	0	0	0	0	0	0	0	0	0	0	0	0	0	0	0	0	0	0	0	0	0	0	0	0	0	0	0	0	10920	0	0	false	false	0	0	0	0	false	0	false	0	false	0	false	0
805306494	4	0	1	0	0	0	0	0	0	0	0	0	0	0	0	0	0	0	7278	0	0	0	0	0	0	0	0	0	0	0	0	0	0	0	0	0	0	0	0	0	0	0	0	0	0	0	0	0	0	0	0	0	0	0	0	0	10920	0	0	false	false	0	0	0	0	false	0	false	0	false	0	false	0
805306495	0	0	1	8658	0	0	0	0	5731	0	0	0	0	7849	0	0	0	0	6964	0	0	0	0	14152	0	0	0	0	0	0	0	0	0	0	0	0	0	0	0	0	0	0	0	0	0	0	0	0	0	0	0	0	0	0	0	1	10920	0	0	false	false	0	0	0	0	false	0	false	0	false	0	false	0
805306498	0	0	0	9144	0	0	0	0	0	0	0	0	0	0	0	0	0	0	0	0	0	0	0	0	0	0	0	0	0	0	0	0	0	0	0	0	0	0	0	0	0	0	0	0	0	0	0	0	0	0	0	0	0	0	0	0	10920	17303296	0	false	false	0	0	0	0	true	1000010032	false	0	false	0	false	0
805306499	1	0	0	9143	0	0	0	0	0	0	0	0	0	0	0	0	0	0	0	0	0	0	0	0	0	0	0	0	0	0	0	0	0	0	0	0	0	0	0	0	0	0	0	0	0	0	0	0	0	0	0	0	0	0	0	0	10920	17303296	0	false	true	2	3	4	0	true	1000010032	false	0	false	0	false	0
805306500	0	0	0	0	0	0	0	0	6172	0	0	0	0	0	0	0	0	0	0	0	0	0	0	0	0	0	0	0	0	0	0	0	0	0	0	0	0	0	0	0	0	0	0	0	0	0	0	0	0	0	0	0	0	0	0	0	10920	17303296	0	false	false	0	0	0	0	true	1000010032	false	0	false	0	false	0
805306501	1	0	0	0	0	0	0	0	6171	0	0	0	0	0	0	0	0	0	0	0	0	0	0	0	0	0	0	0	0	0	0	0	0	0	0	0	0	0	0	0	0	0	0	0	0	0	0	0	0	0	0	0	0	0	0	0	10920	17303296	0	false	true	2	3	4	0	true	1000010032	false	0	false	0	false	0
805306502	0	0	0	0	0	0	0	0	0	0	0	0	0	8255	0	0	0	0	0	0	0	0	0	0	0	0	0	0	0	0	0	0	0	0	0	0	0	0	0	0	0	0	0	0	0	0	0	0	0	0	0	0	0	0	0	1	10920	17303296	0	false	false	0	0	0	0	true	1000010032	false	0	false	0	false	0
805306503	1	0	0	0	0	0	0	0	0	0	0	0	0	8254	0	0	0	0	0	0	0	0	0	0	0	0	0	0	0	0	0	0	0	0	0	0	0	0	0	0	0	0	0	0	0	0	0	0	0	0	0	0	0	0	0	0	10920	17303296	0	false	true	2	3	4	0	true	1000010032	false	0	false	0	false	0
805306504	0	0	0	0	0	0	0	0	0	0	0	0	0	0	0	0	0	0	7343	0	0	0	0	0	0	0	0	0	0	0	0	0	0	0	0	0	0	0	0	0	0	0	0	0	0	0	0	0	0	0	0	0	0	0	0	0	10920	17303296	0	false	false	0	0	0	0	true	1000010032	false	0	false	0	false	0
805306505	1	0	0	0	0	0	0	0	0	0	0	0	0	0	0	0	0	0	7342	0	0	0	0	0	0	0	0	0	0	0	0	0	0	0	0	0	0	0	0	0	0	0	0	0	0	0	0	0	0	0	0	0	0	0	0	0	10920	17303296	0	false	true	2	3	4	0	true	1000010032	false	0	false	0	false	0
805306506	9	0	1	6328	6327	6326	0	0	6328	6327	6326	0	0	6328	6327	6326	0	0	6328	6327	6326	0	0	6328	6327	6326	0	0	6328	6327	6326	0	0	6328	6327	6326	0	0	6328	6327	6326	0	0	0	0	0	0	0	0	0	0	0	0	0	0	0	10920	0	0	false	false	0	0	0	0	false	0	false	0	false	0	false	0
805306507	9	0	1	6331	6327	6326	0	0	6331	6327	6326	0	0	6331	6327	6326	0	0	6331	6327	6326	0	0	6331	6327	6326	0	0	6331	6327	6326	0	0	6331	6327	6326	0	0	6331	6327	6326	0	0	0	0	0	0	0	0	0	0	0	0	0	0	0	10920	0	0	false	false	0	0	0	0	false	0	false	0	false	0	false	0
805306508	0	0	1	8656	0	0	0	0	5729	0	0	0	0	7847	0	0	0	0	6962	0	0	0	0	14153	0	0	0	0	14153	0	0	0	0	14153	0	0	0	0	0	0	0	0	0	0	0	0	0	0	0	0	0	0	0	0	0	1	10920	17303552	0	false	true	0	0	0	0	true	1000019240	false	0	false	0	false	0
805306509	0	0	1	8657	0	0	0	0	5730	0	0	0	0	7848	0	0	0	0	6963	0	0	0	0	14154	0	0	0	0	14154	0	0	0	0	14154	0	0	0	0	0	0	0	0	0	0	0	0	0	0	0	0	0	0	0	0	0	1	10920	17303552	0	false	true	0	0	0	0	true	1000019240	false	0	false	0	false	0
805306510	0	0	1	8654	0	0	0	0	5727	0	0	0	0	7845	0	0	0	0	6960	0	0	0	0	14155	0	0	0	0	14155	0	0	0	0	14155	0	0	0	0	0	0	0	0	0	0	0	0	0	0	0	0	0	0	0	0	0	1	10920	17303552	0	false	true	0	0	0	0	true	1000019240	false	0	false	0	false	0
805306511	0	0	1	8655	0	0	0	0	5728	0	0	0	0	7846	0	0	0	0	6961	0	0	0	0	14156	0	0	0	0	14156	0	0	0	0	14156	0	0	0	0	0	0	0	0	0	0	0	0	0	0	0	0	0	0	0	0	0	1	10920	17303552	0	false	true	0	0	0	0	true	1000019240	false	0	false	0	false	0
805306512	0	0	1	8656	0	0	0	0	5729	0	0	0	0	7847	0	0	0	0	6962	0	0	0	0	14153	0	0	0	0	14153	0	0	0	0	14153	0	0	0	0	0	0	0	0	0	0	0	0	0	0	0	0	0	0	0	0	0	1	10920	0	0	false	true	0	0	0	0	false	0	false	0	false	0	false	0
805306513	0	0	1	8657	0	0	0	0	5730	0	0	0	0	7848	0	0	0	0	6963	0	0	0	0	14154	0	0	0	0	14154	0	0	0	0	14154	0	0	0	0	0	0	0	0	0	0	0	0	0	0	0	0	0	0	0	0	0	1	10920	0	0	false	true	0	0	0	0	false	0	false	0	false	0	false	0
805306514	0	0	1	8654	0	0	0	0	5727	0	0	0	0	7845	0	0	0	0	6960	0	0	0	0	14155	0	0	0	0	14155	0	0	0	0	14155	0	0	0	0	0	0	0	0	0	0	0	0	0	0	0	0	0	0	0	0	0	1	10920	0	0	false	true	0	0	0	0	false	0	false	0	false	0	false	0
805306515	0	0	1	8655	0	0	0	0	5728	0	0	0	0	7846	0	0	0	0	6961	0	0	0	0	14156	0	0	0	0	14156	0	0	0	0	14156	0	0	0	0	0	0	0	0	0	0	0	0	0	0	0	0	0	0	0	0	0	1	10920	0	0	false	true	0	0	0	0	false	0	false	0	false	0	false	0
805306516	0	0	1	6609	6586	6585	0	0	6594	6586	6585	0	0	6604	6586	6585	0	0	6599	6586	6585	0	0	14157	6586	6585	0	0	20206	6586	6585	0	0	57891	6586	6585	0	0	57892	6586	6585	0	0	57893	6586	6585	0	0	0	0	0	0	0	0	0	0	10920	17303552	0	false	false	0	0	0	0	true	1000019240	false	0	false	0	false	0
805306517	10	0	1	6589	6588	6587	0	0	6589	6588	6587	0	0	6589	6588	6587	0	0	6589	6588	6587	0	0	6589	6588	6587	0	0	6589	6588	6587	0	0	6589	6588	6587	0	0	6589	6588	6587	0	0	6589	6588	6587	0	0	6589	6588	6587	0	0	0	0	0	10920	0	0	false	false	0	0	0	0	false	0	false	0	false	0	false	0
805306518	0	0	1	8652	0	0	0	0	5725	0	0	0	0	7843	0	0	0	0	6958	0	0	0	0	0	0	0	0	0	0	0	0	0	0	0	0	0	0	0	0	0	0	0	0	0	0	0	0	0	0	0	0	0	0	0	0	1	10920	0	0	false	false	0	0	0	0	false	0	false	0	false	0	false	0
805306519	0	0	1	6609	6586	6585	0	0	6594	6586	6585	0	0	6604	6586	6585	0	0	6599	6586	6585	0	0	14157	6586	6585	0	0	14157	6586	6585	0	0	14157	6586	6585	0	0	0	0	0	0	0	0	0	0	0	0	0	0	0	0	0	0	0	0	10920	17303552	0	false	true	0	0	0	0	true	1000019240	false	0	false	0	false	0
805306531	0	0	1	6416	6415	6414	0	0	6407	6406	6405	0	0	6413	6412	6411	0	0	6410	6409	6408	0	0	6404	6403	6402	0	0	17560	17561	17562	0	0	26649	26650	26651	0	0	32215	33109	33110	0	0	0	0	0	0	0	0	0	0	0	0	0	0	0	10920	17306368	0	true	false	0	0	0	0	false	1000021747	false	0	false	0	false	0
805306532	10	0	1	6581	6580	6579	0	0	6581	6580	6579	0	0	6581	6580	6579	0	0	6581	6580	6579	0	0	6581	6580	6579	0	0	6581	6580	6579	0	0	6581	6580	6579	0	0	6581	6580	6579	0	0	0	0	0	0	0	0	0	0	0	0	0	0	0	10920	17306368	0	false	false	0	0	0	0	false	1000021748	false	0	false	0	false	0
805306574	9	0	1	0	0	0	0	0	0	0	0	0	0	0	0	0	0	0	0	0	0	0	0	0	0	0	0	0	0	0	0	0	0	0	0	0	0	0	0	0	0	0	0	0	0	0	0	0	0	0	0	0	0	0	0	0	10920	17307904	0	false	false	0	0	0	0	true	1000023185	false	0	false	0	false	0
805306575	8	0	1	0	0	0	0	0	0	0	0	0	0	0	0	0	0	0	0	0	0	0	0	0	0	0	0	0	0	0	0	0	0	0	0	0	0	0	0	0	0	0	0	0	0	0	0	0	0	0	0	0	0	0	0	0	10920	17307904	0	false	false	0	0	0	0	true	1000023185	false	0	false	0	false	0
805306576	7	0	1	0	0	0	0	0	0	0	0	0	0	0	0	0	0	0	0	0	0	0	0	0	0	0	0	0	0	0	0	0	0	0	0	0	0	0	0	0	0	0	0	0	0	0	0	0	0	0	0	0	0	0	0	0	10920	17307904	0	false	false	0	0	0	0	true	1000023185	false	0	false	0	false	0
805306577	9	0	1	0	0	0	0	0	0	0	0	0	0	0	0	0	0	0	0	0	0	0	0	0	0	0	0	0	0	0	0	0	0	0	0	0	0	0	0	0	0	0	0	0	0	0	0	0	0	0	0	0	0	0	0	0	10920	17308160	0	false	false	0	0	0	0	true	1000023186	false	0	false	0	false	0
805306578	8	0	1	0	0	0	0	0	0	0	0	0	0	0	0	0	0	0	0	0	0	0	0	0	0	0	0	0	0	0	0	0	0	0	0	0	0	0	0	0	0	0	0	0	0	0	0	0	0	0	0	0	0	0	0	0	10920	17308160	0	false	false	0	0	0	0	true	1000023186	false	0	false	0	false	0
805306579	7	0	1	0	0	0	0	0	0	0	0	0	0	0	0	0	0	0	0	0	0	0	0	0	0	0	0	0	0	0	0	0	0	0	0	0	0	0	0	0	0	0	0	0	0	0	0	0	0	0	0	0	0	0	0	0	10920	17308160	0	false	false	0	0	0	0	true	1000023186	false	0	false	0	false	0
805306580	9	0	1	0	0	0	0	0	0	0	0	0	0	0	0	0	0	0	0	0	0	0	0	0	0	0	0	0	0	0	0	0	0	0	0	0	0	0	0	0	0	0	0	0	0	0	0	0	0	0	0	0	0	0	0	0	10920	17308416	0	false	false	0	0	0	0	true	1000023187	false	0	false	0	false	0
805306581	8	0	1	0	0	0	0	0	0	0	0	0	0	0	0	0	0	0	0	0	0	0	0	0	0	0	0	0	0	0	0	0	0	0	0	0	0	0	0	0	0	0	0	0	0	0	0	0	0	0	0	0	0	0	0	0	10920	17308416	0	false	false	0	0	0	0	true	1000023187	false	0	false	0	false	0
805306582	7	0	1	0	0	0	0	0	0	0	0	0	0	0	0	0	0	0	0	0	0	0	0	0	0	0	0	0	0	0	0	0	0	0	0	0	0	0	0	0	0	0	0	0	0	0	0	0	0	0	0	0	0	0	0	0	10920	17308416	0	false	false	0	0	0	0	true	1000023187	false	0	false	0	false	0
805306604	0	0	1	6446	0	0	0	0	6443	0	0	0	0	6445	0	0	0	0	6444	0	0	0	0	0	0	0	0	0	0	0	0	0	0	0	0	0	0	0	0	0	0	0	0	0	0	0	0	0	0	0	0	0	0	0	0	0	10920	0	0	false	true	0	0	0	0	false	0	false	0	false	0	false	0
805306605	9	0	1	6429	6428	6427	0	0	6429	6428	6427	0	0	6429	6428	6427	0	0	6429	6428	6427	0	0	6429	6428	6427	0	0	6429	6428	6427	0	0	6429	6428	6427	0	0	6429	6428	6427	0	0	0	0	0	0	0	0	0	0	0	0	0	0	0	10920	0	0	false	false	0	0	0	0	false	0	false	0	false	0	false	0
805306606	0	0	1	6416	6415	6414	0	0	6407	6406	6405	0	0	6413	6412	6411	0	0	6410	6409	6408	0	0	6404	6403	6402	0	0	17560	17561	17562	0	0	26649	26650	26651	0	0	32215	33109	33110	0	0	0	0	0	0	0	0	0	0	0	0	0	0	0	10920	17308672	0	true	false	0	0	0	0	false	1000029197	false	0	false	0	false	0
805306607	10	0	1	6581	6580	6579	0	0	6581	6580	6579	0	0	6581	6580	6579	0	0	6581	6580	6579	0	0	6581	6580	6579	0	0	6581	6580	6579	0	0	6581	6580	6579	0	0	6581	6580	6579	0	0	0	0	0	0	0	0	0	0	0	0	0	0	0	10920	17308672	0	false	false	0	0	0	0	false	1000029198	false	0	false	0	false	0
295327	1	0	0	9337	0	0	0	0	0	0	0	0	0	0	0	0	0	0	0	0	0	0	0	0	0	0	0	0	0	0	0	0	0	0	0	0	0	0	0	0	0	0	0	0	0	0	0	0	0	0	0	0	0	0	0	0	10920	0	0	false	false	0	0	0	0	false	0	false	0	false	0	false	0
295328	1	0	0	0	0	0	0	0	6320	0	0	0	0	0	0	0	0	0	0	0	0	0	0	0	0	0	0	0	0	0	0	0	0	0	0	0	0	0	0	0	0	0	0	0	0	0	0	0	0	0	0	0	0	0	0	0	10920	0	0	false	false	0	0	0	0	false	0	false	0	false	0	false	0
295329	1	0	0	0	0	0	0	0	0	0	0	0	0	8402	0	0	0	0	0	0	0	0	0	0	0	0	0	0	0	0	0	0	0	0	0	0	0	0	0	0	0	0	0	0	0	0	0	0	0	0	0	0	0	0	0	0	10920	0	0	false	false	0	0	0	0	false	0	false	0	false	0	false	0
295330	1	0	0	0	0	0	0	0	0	0	0	0	0	0	0	0	0	0	7491	0	0	0	0	0	0	0	0	0	0	0	0	0	0	0	0	0	0	0	0	0	0	0	0	0	0	0	0	0	0	0	0	0	0	0	0	0	10920	0	0	false	false	0	0	0	0	false	0	false	0	false	0	false	0
805306608	11	0	1	0	0	0	0	7508	0	0	0	0	7508	0	0	0	0	7508	0	0	0	0	7508	0	0	0	0	7508	0	0	0	0	7508	0	0	0	0	7508	0	0	0	0	7508	0	0	0	0	7508	0	0	0	0	7508	0	0	0	10920	0	0	false	false	0	0	0	0	false	0	false	0	false	0	false	0
805306609	11	0	1	0	0	0	0	7507	0	0	0	0	7507	0	0	0	0	7507	0	0	0	0	7507	0	0	0	0	7507	0	0	0	0	7507	0	0	0	0	7507	0	0	0	0	7507	0	0	0	0	7507	0	0	0	0	7507	0	0	0	10920	0	0	false	false	0	0	0	0	false	0	false	0	false	0	false	0
805306610	9	0	1	6360	6357	6356	0	0	6360	6357	6356	0	0	6360	6357	6356	0	0	6360	6357	6356	0	0	6360	6357	6356	0	0	6360	6357	6356	0	0	6360	6357	6356	0	0	6360	6357	6356	0	0	6360	6357	6356	0	0	6360	6357	6356	0	0	0	0	0	10920	0	0	false	false	0	0	0	0	false	0	false	0	false	0	false	0
805306611	9	0	1	6358	6357	6356	0	0	6358	6357	6356	0	0	6358	6357	6356	0	0	6358	6357	6356	0	0	6358	6357	6356	0	0	6358	6357	6356	0	0	6358	6357	6356	0	0	6358	6357	6356	0	0	6358	6357	6356	0	0	6358	6357	6356	0	0	0	0	0	10920	0	0	false	false	0	0	0	0	false	0	false	0	false	0	false	0
805306612	9	0	1	6359	6357	6356	0	0	6359	6357	6356	0	0	6359	6357	6356	0	0	6359	6357	6356	0	0	6359	6357	6356	0	0	6359	6357	6356	0	0	6359	6357	6356	0	0	6359	6357	6356	0	0	6359	6357	6356	0	0	6359	6357	6356	0	0	0	0	0	10920	0	0	false	false	0	0	0	0	false	0	false	0	false	0	false	0
805306613	6	0	1	6352	0	0	0	0	6352	0	0	0	0	6352	0	0	0	0	6352	0	0	0	0	6352	0	0	0	0	6352	0	0	0	0	6352	0	0	0	0	6352	0	0	0	0	6352	0	0	0	0	6352	0	0	0	0	0	0	0	10920	0	0	false	false	0	0	0	0	false	0	false	0	false	0	false	0
805306614	6	0	1	6353	0	0	0	0	6353	0	0	0	0	6353	0	0	0	0	6353	0	0	0	0	6353	0	0	0	0	6353	0	0	0	0	6353	0	0	0	0	6353	0	0	0	0	6353	0	0	0	0	6353	0	0	0	0	0	0	0	10920	0	0	false	false	0	0	0	0	false	0	false	0	false	0	false	0
805306615	6	0	1	6354	0	0	0	0	6354	0	0	0	0	6354	0	0	0	0	6354	0	0	0	0	6354	0	0	0	0	6354	0	0	0	0	6354	0	0	0	0	6354	0	0	0	0	6354	0	0	0	0	6354	0	0	0	0	0	0	0	10920	0	0	false	false	0	0	0	0	false	0	false	0	false	0	false	0
805306616	6	0	1	6355	0	0	0	0	6355	0	0	0	0	6355	0	0	0	0	6355	0	0	0	0	6355	0	0	0	0	6355	0	0	0	0	6355	0	0	0	0	6355	0	0	0	0	6355	0	0	0	0	6355	0	0	0	0	0	0	0	10920	0	0	false	false	0	0	0	0	false	0	false	0	false	0	false	0
805306617	0	0	1	6471	0	0	0	0	0	0	0	0	0	0	0	0	0	0	0	0	0	0	0	0	0	0	0	0	0	0	0	0	0	0	0	0	0	0	0	0	0	0	0	0	0	0	0	0	0	0	0	0	0	0	0	0	10920	0	0	false	false	0	0	0	0	false	0	false	0	false	0	false	0
805306618	0	0	1	6471	0	0	0	0	0	0	0	0	0	0	0	0	0	0	0	0	0	0	0	0	0	0	0	0	0	0	0	0	0	0	0	0	0	0	0	0	0	0	0	0	0	0	0	0	0	0	0	0	0	0	0	0	10920	0	0	false	false	0	0	0	0	false	0	false	0	false	0	false	0
805306619	0	0	1	6471	0	0	0	0	0	0	0	0	0	0	0	0	0	0	0	0	0	0	0	0	0	0	0	0	0	0	0	0	0	0	0	0	0	0	0	0	0	0	0	0	0	0	0	0	0	0	0	0	0	0	0	0	10920	0	0	false	false	0	0	0	0	false	0	false	0	false	0	false	0
805306620	0	0	1	6471	0	0	0	0	0	0	0	0	0	0	0	0	0	0	0	0	0	0	0	0	0	0	0	0	0	0	0	0	0	0	0	0	0	0	0	0	0	0	0	0	0	0	0	0	0	0	0	0	0	0	0	0	10920	0	0	false	false	0	0	0	0	false	0	false	0	false	0	false	0
805306621	0	0	1	0	0	0	0	0	6460	0	0	0	0	0	0	0	0	0	0	0	0	0	0	0	0	0	0	0	0	0	0	0	0	0	0	0	0	0	0	0	0	0	0	0	0	0	0	0	0	0	0	0	0	0	0	0	10920	0	0	false	false	0	0	0	0	false	0	false	0	false	0	false	0
805306622	0	0	1	0	0	0	0	0	6460	0	0	0	0	0	0	0	0	0	0	0	0	0	0	0	0	0	0	0	0	0	0	0	0	0	0	0	0	0	0	0	0	0	0	0	0	0	0	0	0	0	0	0	0	0	0	0	10920	0	0	false	false	0	0	0	0	false	0	false	0	false	0	false	0
805306623	0	0	1	0	0	0	0	0	6460	0	0	0	0	0	0	0	0	0	0	0	0	0	0	0	0	0	0	0	0	0	0	0	0	0	0	0	0	0	0	0	0	0	0	0	0	0	0	0	0	0	0	0	0	0	0	0	10920	0	0	false	false	0	0	0	0	false	0	false	0	false	0	false	0
805306624	0	0	1	0	0	0	0	0	6460	0	0	0	0	0	0	0	0	0	0	0	0	0	0	0	0	0	0	0	0	0	0	0	0	0	0	0	0	0	0	0	0	0	0	0	0	0	0	0	0	0	0	0	0	0	0	0	10920	0	0	false	false	0	0	0	0	false	0	false	0	false	0	false	0
805306625	0	0	1	0	0	0	0	0	0	0	0	0	0	6461	0	0	0	0	0	0	0	0	0	0	0	0	0	0	0	0	0	0	0	0	0	0	0	0	0	0	0	0	0	0	0	0	0	0	0	0	0	0	0	0	0	0	10920	0	0	false	false	0	0	0	0	false	0	false	0	false	0	false	0
805306626	0	0	1	0	0	0	0	0	0	0	0	0	0	6461	0	0	0	0	0	0	0	0	0	0	0	0	0	0	0	0	0	0	0	0	0	0	0	0	0	0	0	0	0	0	0	0	0	0	0	0	0	0	0	0	0	0	10920	0	0	false	false	0	0	0	0	false	0	false	0	false	0	false	0
805306627	0	0	1	0	0	0	0	0	0	0	0	0	0	6461	0	0	0	0	0	0	0	0	0	0	0	0	0	0	0	0	0	0	0	0	0	0	0	0	0	0	0	0	0	0	0	0	0	0	0	0	0	0	0	0	0	0	10920	0	0	false	false	0	0	0	0	false	0	false	0	false	0	false	0
805306628	0	0	1	0	0	0	0	0	0	0	0	0	0	6461	0	0	0	0	0	0	0	0	0	0	0	0	0	0	0	0	0	0	0	0	0	0	0	0	0	0	0	0	0	0	0	0	0	0	0	0	0	0	0	0	0	0	10920	0	0	false	false	0	0	0	0	false	0	false	0	false	0	false	0
805306629	0	0	1	0	0	0	0	0	0	0	0	0	0	0	0	0	0	0	6470	0	0	0	0	0	0	0	0	0	0	0	0	0	0	0	0	0	0	0	0	0	0	0	0	0	0	0	0	0	0	0	0	0	0	0	0	0	10920	0	0	false	false	0	0	0	0	false	0	false	0	false	0	false	0
805306630	0	0	1	0	0	0	0	0	0	0	0	0	0	0	0	0	0	0	6470	0	0	0	0	0	0	0	0	0	0	0	0	0	0	0	0	0	0	0	0	0	0	0	0	0	0	0	0	0	0	0	0	0	0	0	0	0	10920	0	0	false	false	0	0	0	0	false	0	false	0	false	0	false	0
805306631	0	0	1	0	0	0	0	0	0	0	0	0	0	0	0	0	0	0	6470	0	0	0	0	0	0	0	0	0	0	0	0	0	0	0	0	0	0	0	0	0	0	0	0	0	0	0	0	0	0	0	0	0	0	0	0	0	10920	0	0	false	false	0	0	0	0	false	0	false	0	false	0	false	0
805306632	0	0	1	0	0	0	0	0	0	0	0	0	0	0	0	0	0	0	6470	0	0	0	0	0	0	0	0	0	0	0	0	0	0	0	0	0	0	0	0	0	0	0	0	0	0	0	0	0	0	0	0	0	0	0	0	0	10920	0	0	false	false	0	0	0	0	false	0	false	0	false	0	false	0
805306633	1	0	0	9311	0	0	0	0	0	0	0	0	0	0	0	0	0	0	0	0	0	0	0	0	0	0	0	0	0	0	0	0	0	0	0	0	0	0	0	0	0	0	0	0	0	0	0	0	0	0	0	0	0	0	0	0	10920	0	0	false	false	0	0	0	0	false	0	false	0	false	0	false	0
805306634	1	0	0	0	0	0	0	0	6294	0	0	0	0	0	0	0	0	0	0	0	0	0	0	0	0	0	0	0	0	0	0	0	0	0	0	0	0	0	0	0	0	0	0	0	0	0	0	0	0	0	0	0	0	0	0	0	10920	0	0	false	false	0	0	0	0	false	0	false	0	false	0	false	0
805306635	1	0	0	0	0	0	0	0	0	0	0	0	0	8376	0	0	0	0	0	0	0	0	0	0	0	0	0	0	0	0	0	0	0	0	0	0	0	0	0	0	0	0	0	0	0	0	0	0	0	0	0	0	0	0	0	0	10920	0	0	false	true	0	0	0	0	false	0	false	0	false	0	false	0
805306636	1	0	0	0	0	0	0	0	0	0	0	0	0	0	0	0	0	0	7465	0	0	0	0	0	0	0	0	0	0	0	0	0	0	0	0	0	0	0	0	0	0	0	0	0	0	0	0	0	0	0	0	0	0	0	0	0	10920	0	0	false	false	0	0	0	0	false	0	false	0	false	0	false	0
805306637	1	0	0	8438	0	0	0	0	0	0	0	0	0	0	0	0	0	0	0	0	0	0	0	0	0	0	0	0	0	0	0	0	0	0	0	0	0	0	0	0	0	0	0	0	0	0	0	0	0	0	0	0	0	0	0	0	10920	0	0	false	true	2	3	4	0	false	0	false	0	false	0	false	0
805306638	1	0	0	8438	0	0	0	0	0	0	0	0	0	0	0	0	0	0	0	0	0	0	0	0	0	0	0	0	0	0	0	0	0	0	0	0	0	0	0	0	0	0	0	0	0	0	0	0	0	0	0	0	0	0	0	0	10920	0	0	false	true	2	3	4	0	false	0	false	0	false	0	false	0
805306639	1	0	0	8438	0	0	0	0	0	0	0	0	0	0	0	0	0	0	0	0	0	0	0	0	0	0	0	0	0	0	0	0	0	0	0	0	0	0	0	0	0	0	0	0	0	0	0	0	0	0	0	0	0	0	0	0	10920	0	0	false	true	2	3	4	0	false	0	false	0	false	0	false	0
805306640	1	0	0	8438	0	0	0	0	0	0	0	0	0	0	0	0	0	0	0	0	0	0	0	0	0	0	0	0	0	0	0	0	0	0	0	0	0	0	0	0	0	0	0	0	0	0	0	0	0	0	0	0	0	0	0	0	10920	0	0	false	true	2	3	4	0	false	0	false	0	false	0	false	0
805306641	1	0	0	8439	0	0	0	0	0	0	0	0	0	0	0	0	0	0	0	0	0	0	0	0	0	0	0	0	0	0	0	0	0	0	0	0	0	0	0	0	0	0	0	0	0	0	0	0	0	0	0	0	0	0	0	0	10920	0	0	false	true	2	3	4	0	false	0	false	0	false	0	false	0
805306642	1	0	0	8439	0	0	0	0	0	0	0	0	0	0	0	0	0	0	0	0	0	0	0	0	0	0	0	0	0	0	0	0	0	0	0	0	0	0	0	0	0	0	0	0	0	0	0	0	0	0	0	0	0	0	0	0	10920	0	0	false	true	2	3	4	0	false	0	false	0	false	0	false	0
805306643	1	0	0	8439	0	0	0	0	0	0	0	0	0	0	0	0	0	0	0	0	0	0	0	0	0	0	0	0	0	0	0	0	0	0	0	0	0	0	0	0	0	0	0	0	0	0	0	0	0	0	0	0	0	0	0	0	10920	0	0	false	true	2	3	4	0	false	0	false	0	false	0	false	0
805306644	1	0	0	8439	0	0	0	0	0	0	0	0	0	0	0	0	0	0	0	0	0	0	0	0	0	0	0	0	0	0	0	0	0	0	0	0	0	0	0	0	0	0	0	0	0	0	0	0	0	0	0	0	0	0	0	0	10920	0	0	false	true	2	3	4	0	false	0	false	0	false	0	false	0
805306645	1	0	0	0	0	0	0	0	5478	0	0	0	0	0	0	0	0	0	0	0	0	0	0	0	0	0	0	0	0	0	0	0	0	0	0	0	0	0	0	0	0	0	0	0	0	0	0	0	0	0	0	0	0	0	0	0	10920	0	0	false	false	2	3	4	0	false	0	false	0	false	0	false	0
805306646	1	0	0	0	0	0	0	0	5478	0	0	0	0	0	0	0	0	0	0	0	0	0	0	0	0	0	0	0	0	0	0	0	0	0	0	0	0	0	0	0	0	0	0	0	0	0	0	0	0	0	0	0	0	0	0	0	10920	0	0	false	false	2	3	4	0	false	0	false	0	false	0	false	0
805306647	1	0	0	0	0	0	0	0	5478	0	0	0	0	0	0	0	0	0	0	0	0	0	0	0	0	0	0	0	0	0	0	0	0	0	0	0	0	0	0	0	0	0	0	0	0	0	0	0	0	0	0	0	0	0	0	0	10920	0	0	false	false	2	3	4	0	false	0	false	0	false	0	false	0
805306648	1	0	0	0	0	0	0	0	5478	0	0	0	0	0	0	0	0	0	0	0	0	0	0	0	0	0	0	0	0	0	0	0	0	0	0	0	0	0	0	0	0	0	0	0	0	0	0	0	0	0	0	0	0	0	0	0	10920	0	0	false	false	2	3	4	0	false	0	false	0	false	0	false	0
805306649	1	0	0	0	0	0	0	0	5479	0	0	0	0	0	0	0	0	0	0	0	0	0	0	0	0	0	0	0	0	0	0	0	0	0	0	0	0	0	0	0	0	0	0	0	0	0	0	0	0	0	0	0	0	0	0	0	10920	0	0	false	false	2	3	4	0	false	0	false	0	false	0	false	0
805306650	1	0	0	0	0	0	0	0	5479	0	0	0	0	0	0	0	0	0	0	0	0	0	0	0	0	0	0	0	0	0	0	0	0	0	0	0	0	0	0	0	0	0	0	0	0	0	0	0	0	0	0	0	0	0	0	0	10920	0	0	false	false	2	3	4	0	false	0	false	0	false	0	false	0
805306651	1	0	0	0	0	0	0	0	5479	0	0	0	0	0	0	0	0	0	0	0	0	0	0	0	0	0	0	0	0	0	0	0	0	0	0	0	0	0	0	0	0	0	0	0	0	0	0	0	0	0	0	0	0	0	0	0	10920	0	0	false	false	2	3	4	0	false	0	false	0	false	0	false	0
805306652	1	0	0	0	0	0	0	0	5479	0	0	0	0	0	0	0	0	0	0	0	0	0	0	0	0	0	0	0	0	0	0	0	0	0	0	0	0	0	0	0	0	0	0	0	0	0	0	0	0	0	0	0	0	0	0	0	10920	0	0	false	false	2	3	4	0	false	0	false	0	false	0	false	0
805306653	1	0	0	0	0	0	0	0	0	0	0	0	0	7562	0	0	0	0	0	0	0	0	0	0	0	0	0	0	0	0	0	0	0	0	0	0	0	0	0	0	0	0	0	0	0	0	0	0	0	0	0	0	0	0	0	0	10920	0	0	false	false	2	3	4	0	false	0	false	0	false	0	false	0
805306654	1	0	0	0	0	0	0	0	0	0	0	0	0	7562	0	0	0	0	0	0	0	0	0	0	0	0	0	0	0	0	0	0	0	0	0	0	0	0	0	0	0	0	0	0	0	0	0	0	0	0	0	0	0	0	0	0	10920	0	0	false	false	2	3	4	0	false	0	false	0	false	0	false	0
805306655	1	0	0	0	0	0	0	0	0	0	0	0	0	7562	0	0	0	0	0	0	0	0	0	0	0	0	0	0	0	0	0	0	0	0	0	0	0	0	0	0	0	0	0	0	0	0	0	0	0	0	0	0	0	0	0	0	10920	0	0	false	false	2	3	4	0	false	0	false	0	false	0	false	0
805306656	1	0	0	0	0	0	0	0	0	0	0	0	0	7562	0	0	0	0	0	0	0	0	0	0	0	0	0	0	0	0	0	0	0	0	0	0	0	0	0	0	0	0	0	0	0	0	0	0	0	0	0	0	0	0	0	0	10920	0	0	false	false	2	3	4	0	false	0	false	0	false	0	false	0
805306657	1	0	0	0	0	0	0	0	0	0	0	0	0	7563	0	0	0	0	0	0	0	0	0	0	0	0	0	0	0	0	0	0	0	0	0	0	0	0	0	0	0	0	0	0	0	0	0	0	0	0	0	0	0	0	0	0	10920	0	0	false	false	2	3	4	0	false	0	false	0	false	0	false	0
805306658	1	0	0	0	0	0	0	0	0	0	0	0	0	7563	0	0	0	0	0	0	0	0	0	0	0	0	0	0	0	0	0	0	0	0	0	0	0	0	0	0	0	0	0	0	0	0	0	0	0	0	0	0	0	0	0	0	10920	0	0	false	false	2	3	4	0	false	0	false	0	false	0	false	0
805306659	1	0	0	0	0	0	0	0	0	0	0	0	0	7563	0	0	0	0	0	0	0	0	0	0	0	0	0	0	0	0	0	0	0	0	0	0	0	0	0	0	0	0	0	0	0	0	0	0	0	0	0	0	0	0	0	0	10920	0	0	false	false	2	3	4	0	false	0	false	0	false	0	false	0
805306660	1	0	0	0	0	0	0	0	0	0	0	0	0	7563	0	0	0	0	0	0	0	0	0	0	0	0	0	0	0	0	0	0	0	0	0	0	0	0	0	0	0	0	0	0	0	0	0	0	0	0	0	0	0	0	0	0	10920	0	0	false	false	2	3	4	0	false	0	false	0	false	0	false	0
805306661	1	0	0	0	0	0	0	0	0	0	0	0	0	0	0	0	0	0	6677	0	0	0	0	0	0	0	0	0	0	0	0	0	0	0	0	0	0	0	0	0	0	0	0	0	0	0	0	0	0	0	0	0	0	0	0	0	10920	0	0	false	true	2	3	4	0	false	0	false	0	false	0	false	0
805306662	1	0	0	0	0	0	0	0	0	0	0	0	0	0	0	0	0	0	6677	0	0	0	0	0	0	0	0	0	0	0	0	0	0	0	0	0	0	0	0	0	0	0	0	0	0	0	0	0	0	0	0	0	0	0	0	0	10920	0	0	false	true	2	3	4	0	false	0	false	0	false	0	false	0
805306663	1	0	0	0	0	0	0	0	0	0	0	0	0	0	0	0	0	0	6677	0	0	0	0	0	0	0	0	0	0	0	0	0	0	0	0	0	0	0	0	0	0	0	0	0	0	0	0	0	0	0	0	0	0	0	0	0	10920	0	0	false	true	2	3	4	0	false	0	false	0	false	0	false	0
805306664	1	0	0	0	0	0	0	0	0	0	0	0	0	0	0	0	0	0	6677	0	0	0	0	0	0	0	0	0	0	0	0	0	0	0	0	0	0	0	0	0	0	0	0	0	0	0	0	0	0	0	0	0	0	0	0	0	10920	0	0	false	true	2	3	4	0	false	0	false	0	false	0	false	0
805306665	1	0	0	0	0	0	0	0	0	0	0	0	0	0	0	0	0	0	6678	0	0	0	0	0	0	0	0	0	0	0	0	0	0	0	0	0	0	0	0	0	0	0	0	0	0	0	0	0	0	0	0	0	0	0	0	0	10920	0	0	false	true	2	3	4	0	false	0	false	0	false	0	false	0
805306666	1	0	0	0	0	0	0	0	0	0	0	0	0	0	0	0	0	0	6678	0	0	0	0	0	0	0	0	0	0	0	0	0	0	0	0	0	0	0	0	0	0	0	0	0	0	0	0	0	0	0	0	0	0	0	0	0	10920	0	0	false	true	2	3	4	0	false	0	false	0	false	0	false	0
805306667	1	0	0	0	0	0	0	0	0	0	0	0	0	0	0	0	0	0	6678	0	0	0	0	0	0	0	0	0	0	0	0	0	0	0	0	0	0	0	0	0	0	0	0	0	0	0	0	0	0	0	0	0	0	0	0	0	10920	0	0	false	true	2	3	4	0	false	0	false	0	false	0	false	0
805306668	1	0	0	0	0	0	0	0	0	0	0	0	0	0	0	0	0	0	6678	0	0	0	0	0	0	0	0	0	0	0	0	0	0	0	0	0	0	0	0	0	0	0	0	0	0	0	0	0	0	0	0	0	0	0	0	0	10920	0	0	false	true	2	3	4	0	false	0	false	0	false	0	false	0
805306691	7	0	1	0	0	0	0	0	0	0	0	0	0	0	0	0	0	0	0	0	0	0	0	0	0	0	0	0	0	0	0	0	0	0	0	0	0	0	0	0	0	0	0	0	0	0	0	0	0	0	0	0	0	0	0	0	10920	0	0	false	false	0	0	0	0	false	0	false	0	false	0	false	0
805306692	0	0	1	8630	0	0	0	0	0	0	0	0	0	0	0	0	0	0	0	0	0	0	0	0	0	0	0	0	0	0	0	0	0	0	0	0	0	0	0	0	0	0	0	0	0	0	0	0	0	0	0	0	0	0	0	1	10920	17310976	0	false	false	0	0	0	0	true	1000100198	false	0	false	0	false	0
805306693	1	0	1	8627	0	0	0	0	0	0	0	0	0	0	0	0	0	0	0	0	0	0	0	0	0	0	0	0	0	0	0	0	0	0	0	0	0	0	0	0	0	0	0	0	0	0	0	0	0	0	0	0	0	0	0	0	10920	17310976	0	false	false	0	0	0	0	true	1000100198	false	0	false	0	false	0
805306694	2	0	1	8631	0	0	0	0	0	0	0	0	0	0	0	0	0	0	0	0	0	0	0	0	0	0	0	0	0	0	0	0	0	0	0	0	0	0	0	0	0	0	0	0	0	0	0	0	0	0	0	0	0	0	0	0	10920	17310976	0	false	false	0	0	0	0	true	1000100198	false	0	false	0	false	0
805306695	3	0	1	8629	0	0	0	0	0	0	0	0	0	0	0	0	0	0	0	0	0	0	0	0	0	0	0	0	0	0	0	0	0	0	0	0	0	0	0	0	0	0	0	0	0	0	0	0	0	0	0	0	0	0	0	0	10920	17310976	0	false	false	0	0	0	0	true	1000100198	false	0	false	0	false	0
805306696	4	0	1	8628	0	0	0	0	0	0	0	0	0	0	0	0	0	0	0	0	0	0	0	0	0	0	0	0	0	0	0	0	0	0	0	0	0	0	0	0	0	0	0	0	0	0	0	0	0	0	0	0	0	0	0	0	10920	17310976	0	false	false	0	0	0	0	true	1000100198	false	0	false	0	false	0
805306697	0	0	1	0	0	0	0	0	5703	0	0	0	0	0	0	0	0	0	0	0	0	0	0	0	0	0	0	0	0	0	0	0	0	0	0	0	0	0	0	0	0	0	0	0	0	0	0	0	0	0	0	0	0	0	0	1	10920	17311232	0	false	false	0	0	0	0	true	1000100198	false	0	false	0	false	0
805306698	1	0	1	0	0	0	0	0	5700	0	0	0	0	0	0	0	0	0	0	0	0	0	0	0	0	0	0	0	0	0	0	0	0	0	0	0	0	0	0	0	0	0	0	0	0	0	0	0	0	0	0	0	0	0	0	0	10920	17311232	0	false	false	0	0	0	0	true	1000100198	false	0	false	0	false	0
805306699	2	0	1	0	0	0	0	0	5704	0	0	0	0	0	0	0	0	0	0	0	0	0	0	0	0	0	0	0	0	0	0	0	0	0	0	0	0	0	0	0	0	0	0	0	0	0	0	0	0	0	0	0	0	0	0	0	10920	17311232	0	false	false	0	0	0	0	true	1000100198	false	0	false	0	false	0
805306700	3	0	1	0	0	0	0	0	5702	0	0	0	0	0	0	0	0	0	0	0	0	0	0	0	0	0	0	0	0	0	0	0	0	0	0	0	0	0	0	0	0	0	0	0	0	0	0	0	0	0	0	0	0	0	0	0	10920	17311232	0	false	false	0	0	0	0	true	1000100198	false	0	false	0	false	0
805306701	4	0	1	0	0	0	0	0	5701	0	0	0	0	0	0	0	0	0	0	0	0	0	0	0	0	0	0	0	0	0	0	0	0	0	0	0	0	0	0	0	0	0	0	0	0	0	0	0	0	0	0	0	0	0	0	0	10920	17311232	0	false	false	0	0	0	0	true	1000100198	false	0	false	0	false	0
805306702	0	0	1	0	0	0	0	0	0	0	0	0	0	7821	0	0	0	0	0	0	0	0	0	0	0	0	0	0	0	0	0	0	0	0	0	0	0	0	0	0	0	0	0	0	0	0	0	0	0	0	0	0	0	0	0	1	10920	17311488	0	false	false	0	0	0	0	true	1000100198	false	0	false	0	false	0
805306703	1	0	1	0	0	0	0	0	0	0	0	0	0	7818	0	0	0	0	0	0	0	0	0	0	0	0	0	0	0	0	0	0	0	0	0	0	0	0	0	0	0	0	0	0	0	0	0	0	0	0	0	0	0	0	0	0	10920	17311488	0	false	false	0	0	0	0	true	1000100198	false	0	false	0	false	0
805306704	2	0	1	0	0	0	0	0	0	0	0	0	0	7822	0	0	0	0	0	0	0	0	0	0	0	0	0	0	0	0	0	0	0	0	0	0	0	0	0	0	0	0	0	0	0	0	0	0	0	0	0	0	0	0	0	0	10920	17311488	0	false	false	0	0	0	0	true	1000100198	false	0	false	0	false	0
805306705	3	0	1	0	0	0	0	0	0	0	0	0	0	7820	0	0	0	0	0	0	0	0	0	0	0	0	0	0	0	0	0	0	0	0	0	0	0	0	0	0	0	0	0	0	0	0	0	0	0	0	0	0	0	0	0	0	10920	17311488	0	false	false	0	0	0	0	true	1000100198	false	0	false	0	false	0
805306706	4	0	1	0	0	0	0	0	0	0	0	0	0	7819	0	0	0	0	0	0	0	0	0	0	0	0	0	0	0	0	0	0	0	0	0	0	0	0	0	0	0	0	0	0	0	0	0	0	0	0	0	0	0	0	0	0	10920	17311488	0	false	false	0	0	0	0	true	1000100198	false	0	false	0	false	0
805306707	0	0	1	0	0	0	0	0	0	0	0	0	0	0	0	0	0	0	6936	0	0	0	0	0	0	0	0	0	0	0	0	0	0	0	0	0	0	0	0	0	0	0	0	0	0	0	0	0	0	0	0	0	0	0	0	1	10920	17311744	0	false	false	0	0	0	0	true	1000100198	false	0	false	0	false	0
805306708	1	0	1	0	0	0	0	0	0	0	0	0	0	0	0	0	0	0	6933	0	0	0	0	0	0	0	0	0	0	0	0	0	0	0	0	0	0	0	0	0	0	0	0	0	0	0	0	0	0	0	0	0	0	0	0	0	10920	17311744	0	false	false	0	0	0	0	true	1000100198	false	0	false	0	false	0
805306709	2	0	1	0	0	0	0	0	0	0	0	0	0	0	0	0	0	0	6937	0	0	0	0	0	0	0	0	0	0	0	0	0	0	0	0	0	0	0	0	0	0	0	0	0	0	0	0	0	0	0	0	0	0	0	0	0	10920	17311744	0	false	false	0	0	0	0	true	1000100198	false	0	false	0	false	0
805306710	3	0	1	0	0	0	0	0	0	0	0	0	0	0	0	0	0	0	6935	0	0	0	0	0	0	0	0	0	0	0	0	0	0	0	0	0	0	0	0	0	0	0	0	0	0	0	0	0	0	0	0	0	0	0	0	0	10920	17311744	0	false	false	0	0	0	0	true	1000100198	false	0	false	0	false	0
805306711	4	0	1	0	0	0	0	0	0	0	0	0	0	0	0	0	0	0	6934	0	0	0	0	0	0	0	0	0	0	0	0	0	0	0	0	0	0	0	0	0	0	0	0	0	0	0	0	0	0	0	0	0	0	0	0	0	10920	17311744	0	false	false	0	0	0	0	true	1000100198	false	0	false	0	false	0
805306712	0	0	1	8679	8678	8677	0	0	5782	5781	5780	0	0	7870	7869	7868	0	0	6985	6984	6983	0	0	5355	5354	5353	0	0	19409	19410	19411	0	0	26048	26050	26049	0	0	5782	5781	5780	0	0	39544	39543	39542	0	0	0	0	0	0	0	0	0	0	10920	0	0	true	true	0	0	0	0	false	0	false	0	false	0	false	0
805306713	0	0	1	6416	6415	6414	0	0	6407	6406	6405	0	0	6413	6412	6411	0	0	6410	6409	6408	0	0	6404	6403	6402	0	0	17560	17561	17562	0	0	26649	26650	26651	0	0	32215	33109	33110	0	0	38496	38494	38493	0	0	0	0	0	0	0	0	0	0	10920	17308672	0	true	false	0	0	0	0	true	1000033701	false	0	false	0	false	0
805306718	10	0	1	6581	6580	6579	0	0	6581	6580	6579	0	0	6581	6580	6579	0	0	6581	6580	6579	0	0	6581	6580	6579	0	0	6581	6580	6579	0	0	6581	6580	6579	0	0	6581	6580	6579	0	0	6581	6580	6579	0	0	6581	6580	6579	0	0	0	0	0	10920	17308672	0	false	false	0	0	0	0	true	1000033702	false	0	false	0	false	0
805306714	9	0	1	7506	7505	7504	0	0	7506	7505	7504	0	0	7506	7505	7504	0	0	7506	7505	7504	0	0	0	0	0	0	0	0	0	0	0	0	0	0	0	0	0	0	0	0	0	0	0	0	0	0	0	0	0	0	0	0	0	0	0	10920	17310976	0	false	false	0	0	0	0	true	1000100198	false	0	false	0	false	0
805306715	9	0	1	7497	7496	7495	0	0	7497	7496	7495	0	0	7497	7496	7495	0	0	7497	7496	7495	0	0	0	0	0	0	0	0	0	0	0	0	0	0	0	0	0	0	0	0	0	0	0	0	0	0	0	0	0	0	0	0	0	0	0	10920	17311232	0	false	false	0	0	0	0	true	1000100198	false	0	false	0	false	0
805306716	9	0	1	7503	7502	7501	0	0	7503	7502	7501	0	0	7503	7502	7501	0	0	7503	7502	7501	0	0	0	0	0	0	0	0	0	0	0	0	0	0	0	0	0	0	0	0	0	0	0	0	0	0	0	0	0	0	0	0	0	0	0	10920	17311488	0	false	false	0	0	0	0	true	1000100198	false	0	false	0	false	0
805306717	9	0	1	7500	7499	7498	0	0	7500	7499	7498	0	0	7500	7499	7498	0	0	7500	7499	7498	0	0	0	0	0	0	0	0	0	0	0	0	0	0	0	0	0	0	0	0	0	0	0	0	0	0	0	0	0	0	0	0	0	0	0	10920	17311744	0	false	false	0	0	0	0	true	1000100198	false	0	false	0	false	0
805306719	0	0	1	6563	6562	6561	0	0	6551	6550	6549	0	0	6559	6558	6557	0	0	6555	6554	6553	0	0	6547	6546	6545	0	0	17538	17552	17557	0	0	0	0	0	0	0	0	0	0	0	0	0	0	0	0	0	0	0	0	0	0	0	0	0	10920	0	0	true	true	0	0	0	0	false	0	false	0	false	0	false	0
805306720	0	0	1	6564	6562	6561	0	0	6552	6550	6549	0	0	6560	6558	6557	0	0	6556	6554	6553	0	0	6548	6546	6545	0	0	17539	17552	17557	0	0	0	0	0	0	0	0	0	0	0	0	0	0	0	0	0	0	0	0	0	0	0	0	0	10920	17302528	0	true	true	0	0	0	0	true	1000010032	false	0	false	0	false	0
805306721	0	0	1	0	0	0	0	0	0	0	0	0	0	0	0	0	0	0	6936	0	0	0	0	5347	0	0	0	0	0	0	0	0	0	0	0	0	0	0	0	0	0	0	0	0	0	0	0	0	0	0	0	0	0	0	0	1	10920	17312256	0	false	true	0	0	0	0	true	1000100198	false	0	false	0	false	0
805306722	1	0	1	0	0	0	0	0	0	0	0	0	0	0	0	0	0	0	6933	0	0	0	0	5344	0	0	0	0	0	0	0	0	0	0	0	0	0	0	0	0	0	0	0	0	0	0	0	0	0	0	0	0	0	0	0	0	10920	17312256	0	false	false	0	0	0	0	true	1000100198	false	0	false	0	false	0
805306723	2	0	1	0	0	0	0	0	0	0	0	0	0	0	0	0	0	0	6937	0	0	0	0	5348	0	0	0	0	0	0	0	0	0	0	0	0	0	0	0	0	0	0	0	0	0	0	0	0	0	0	0	0	0	0	0	0	10920	17312256	0	false	false	0	0	0	0	true	1000100198	false	0	false	0	false	0
805306724	3	0	1	0	0	0	0	0	0	0	0	0	0	0	0	0	0	0	6935	0	0	0	0	5346	0	0	0	0	0	0	0	0	0	0	0	0	0	0	0	0	0	0	0	0	0	0	0	0	0	0	0	0	0	0	0	0	10920	17312256	0	false	false	0	0	0	0	true	1000100198	false	0	false	0	false	0
805306725	4	0	1	0	0	0	0	0	0	0	0	0	0	0	0	0	0	0	6934	0	0	0	0	5345	0	0	0	0	0	0	0	0	0	0	0	0	0	0	0	0	0	0	0	0	0	0	0	0	0	0	0	0	0	0	0	0	10920	17312256	0	false	false	0	0	0	0	true	1000100198	false	0	false	0	false	0
805306726	9	0	1	7494	7493	7492	0	0	7494	7493	7492	0	0	7494	7493	7492	0	0	7494	7493	7492	0	0	7494	7493	7492	0	0	0	0	0	0	0	0	0	0	0	0	0	0	0	0	0	0	0	0	0	0	0	0	0	0	0	0	0	0	10920	17312256	0	false	false	0	0	0	0	true	1000100198	false	0	false	0	false	0
805306727	0	0	1	6563	6562	6561	0	0	6551	6550	6549	0	0	6559	6558	6557	0	0	6555	6554	6553	0	0	6547	6546	6545	0	0	17538	17552	17557	0	0	0	0	0	0	0	0	0	0	0	0	0	0	0	0	0	0	0	0	0	0	0	0	0	10920	0	0	true	true	0	0	0	0	false	0	false	0	false	0	false	0
805306728	0	0	1	6564	6562	6561	0	0	6552	6550	6549	0	0	6560	6558	6557	0	0	6556	6554	6553	0	0	6548	6546	6545	0	0	17539	17552	17557	0	0	0	0	0	0	0	0	0	0	0	0	0	0	0	0	0	0	0	0	0	0	0	0	0	10920	0	0	true	true	0	0	0	0	false	0	false	0	false	0	false	0
805306733	11	0	1	0	0	0	0	7509	0	0	0	0	7509	0	0	0	0	7509	0	0	0	0	7509	0	0	0	0	7509	0	0	0	0	7509	0	0	0	0	7509	0	0	0	0	7509	0	0	0	0	7509	0	0	0	0	7509	0	0	0	10920	0	0	false	false	0	0	0	0	false	0	false	0	false	0	false	0
805306734	10	0	1	6426	6425	6424	0	0	6426	6425	6424	0	0	6426	6425	6424	0	0	6426	6425	6424	0	0	6426	6425	6424	0	0	6426	6425	6424	0	0	6426	6425	6424	0	0	6426	6425	6424	0	0	6426	6425	6424	0	0	6426	6425	6424	0	0	0	0	0	10920	872415329	0	false	false	0	0	0	0	true	1000041622	false	0	false	0	false	0
805306736	0	0	1	14110	14112	14113	0	0	14115	14117	14118	0	0	14120	14122	14123	0	0	14125	14127	14128	0	0	14130	14132	14133	0	0	18695	18698	18699	0	0	18695	18698	18699	0	0	14115	14117	14118	0	0	0	0	0	0	0	0	0	0	0	0	0	0	0	10920	17302784	0	true	true	0	0	0	0	true	1000046960	false	0	false	0	false	0
805306737	0	0	1	14111	14112	14113	0	0	14116	14117	14118	0	0	14121	14122	14123	0	0	14126	14127	14128	0	0	14131	14132	14133	0	0	18696	18698	18699	0	0	18696	18698	18699	0	0	14116	14117	14118	0	0	0	0	0	0	0	0	0	0	0	0	0	0	0	10920	17302784	0	true	true	0	0	0	0	true	1000046960	false	0	false	0	false	0
805306735	0	0	1	14078	14112	14113	0	0	14114	14117	14118	0	0	14119	14122	14123	0	0	14124	14127	14128	0	0	14129	14132	14133	0	0	18697	18698	18699	0	0	18697	18698	18699	0	0	14114	14117	14118	0	0	0	0	0	0	0	0	0	0	0	0	0	0	0	10920	17302784	0	true	true	0	0	0	0	true	1000046960	false	0	false	0	false	0
805306739	9	0	1	6328	6327	6326	0	0	6328	6327	6326	0	0	6328	6327	6326	0	0	6328	6327	6326	0	0	6328	6327	6326	0	0	6328	6327	6326	0	0	6328	6327	6326	0	0	6328	6327	6326	0	0	6328	6327	6326	0	0	6328	6327	6326	0	0	0	0	0	10920	0	0	false	false	0	0	0	0	false	0	false	0	false	0	false	0
805306743	11	0	1	0	0	0	0	14100	0	0	0	0	14100	0	0	0	0	14100	0	0	0	0	14100	0	0	0	0	14100	0	0	0	0	14100	0	0	0	0	14100	0	0	0	0	14100	0	0	0	0	14100	0	0	0	0	14100	0	0	0	10920	0	0	false	false	0	0	0	0	false	0	false	0	false	0	false	0
805306746	0	0	1	8656	0	0	0	0	5729	0	0	0	0	7847	0	0	0	0	6962	0	0	0	0	14153	0	0	0	0	0	0	0	0	0	0	0	0	0	0	0	0	0	0	0	0	0	0	0	0	0	0	0	0	0	0	0	1	10920	872415252	0	false	true	0	0	0	0	true	1000037447	false	0	false	0	false	0
805306747	0	0	1	8657	0	0	0	0	5730	0	0	0	0	7848	0	0	0	0	6963	0	0	0	0	14154	0	0	0	0	0	0	0	0	0	0	0	0	0	0	0	0	0	0	0	0	0	0	0	0	0	0	0	0	0	0	0	1	10920	872415252	0	false	true	0	0	0	0	true	1000037447	false	0	false	0	false	0
805306748	0	0	1	8654	0	0	0	0	5727	0	0	0	0	7845	0	0	0	0	6960	0	0	0	0	14155	0	0	0	0	0	0	0	0	0	0	0	0	0	0	0	0	0	0	0	0	0	0	0	0	0	0	0	0	0	0	0	1	10920	872415252	0	false	true	0	0	0	0	true	1000037447	false	0	false	0	false	0
805306749	0	0	1	8655	0	0	0	0	5728	0	0	0	0	7846	0	0	0	0	6961	0	0	0	0	14156	0	0	0	0	0	0	0	0	0	0	0	0	0	0	0	0	0	0	0	0	0	0	0	0	0	0	0	0	0	0	0	1	10920	872415252	0	false	true	0	0	0	0	true	1000037447	false	0	false	0	false	0
805306799	0	0	1	15114	0	0	0	0	15115	0	0	0	0	15117	0	0	0	0	15116	0	0	0	0	15118	0	0	0	0	0	0	0	0	0	0	0	0	0	0	0	0	0	0	0	0	0	0	0	0	0	0	0	0	0	0	0	0	10920	0	0	true	false	0	0	0	0	false	0	false	0	false	0	false	0
805306800	11	0	1	0	0	0	0	15113	0	0	0	0	15113	0	0	0	0	15113	0	0	0	0	15113	0	0	0	0	15113	0	0	0	0	15113	0	0	0	0	15113	0	0	0	0	15113	0	0	0	0	15113	0	0	0	0	15113	0	0	0	10920	0	0	false	false	0	0	0	0	false	0	false	0	false	0	false	0
805306863	11	0	1	0	0	0	0	14100	0	0	0	0	14100	0	0	0	0	14100	0	0	0	0	14100	0	0	0	0	14100	0	0	0	0	14100	0	0	0	0	14100	0	0	0	0	14100	0	0	0	0	14100	0	0	0	0	14100	0	0	0	10920	0	0	false	false	0	0	0	0	false	0	false	0	false	0	false	0
805306884	0	0	1	15114	0	0	0	0	15115	0	0	0	0	15117	0	0	0	0	15116	0	0	0	0	15118	0	0	0	0	0	0	0	0	0	0	0	0	0	0	0	0	0	0	0	0	0	0	0	0	0	0	0	0	0	0	0	0	10920	872415299	0	true	false	0	0	0	0	true	1000039987	false	0	false	0	false	0
805306885	11	0	1	0	0	0	0	15113	0	0	0	0	15113	0	0	0	0	15113	0	0	0	0	15113	0	0	0	0	15113	0	0	0	0	15113	0	0	0	0	15113	0	0	0	0	15113	0	0	0	0	15113	0	0	0	0	15113	0	0	0	10920	872415299	0	false	false	0	0	0	0	true	1000039988	false	0	false	0	false	0
805306938	9	0	1	0	0	0	0	0	0	0	0	0	0	0	0	0	0	0	0	0	0	0	0	0	0	0	0	0	0	0	0	0	0	0	0	0	0	0	0	0	0	0	0	0	0	0	0	0	0	0	0	0	0	0	0	0	10920	17308928	0	false	false	0	0	0	0	true	1000021440	false	0	false	0	false	0
805306939	0	0	1	16171	0	0	0	0	16172	0	0	0	0	16173	0	0	0	0	16174	0	0	0	0	16175	0	0	0	0	20058	0	0	0	0	37046	0	0	0	0	16172	0	0	0	0	16172	0	0	0	0	0	0	0	0	0	0	0	1	10920	17302784	0	false	false	0	0	0	0	true	1000010032	false	0	false	0	false	0
805306942	9	0	1	12799	6428	6427	0	0	12799	6428	6427	0	0	12799	6428	6427	0	0	12799	6428	6427	0	0	12799	6428	6427	0	0	12799	6428	6427	0	0	12799	6428	6427	0	0	12799	6428	6427	0	0	12799	6428	6427	0	0	12799	6428	6427	0	0	0	0	0	10920	17308928	0	false	false	0	0	0	0	true	1000021440	false	0	false	0	false	0
805306971	9	0	1	12798	6428	6427	0	0	12798	6428	6427	0	0	12798	6428	6427	0	0	12798	6428	6427	0	0	12798	6428	6427	0	0	12798	6428	6427	0	0	12798	6428	6427	0	0	12798	6428	6427	0	0	12798	6428	6427	0	0	12798	6428	6427	0	0	0	0	0	10920	0	0	false	false	0	0	0	0	false	0	false	0	false	0	false	0
805306986	0	0	1	6451	0	0	0	0	6448	0	0	0	0	6450	0	0	0	0	6449	0	0	0	0	6447	0	0	0	0	0	0	0	0	0	0	0	0	0	0	0	0	0	0	0	0	0	0	0	0	0	0	0	0	0	0	0	0	10920	0	0	false	true	0	0	0	0	false	0	false	0	false	0	false	0
805306987	0	0	1	6456	0	0	0	0	6453	0	0	0	0	6455	0	0	0	0	6454	0	0	0	0	6452	0	0	0	0	0	0	0	0	0	0	0	0	0	0	0	0	0	0	0	0	0	0	0	0	0	0	0	0	0	0	0	0	10920	0	0	false	true	0	0	0	0	false	0	false	0	false	0	false	0
805307012	0	0	1	6416	6415	6414	0	0	6407	6406	6405	0	0	6413	6412	6411	0	0	6410	6409	6408	0	0	6404	6403	6402	0	0	17560	17561	17562	0	0	0	0	0	0	0	0	0	0	0	0	0	0	0	0	0	0	0	0	0	0	0	0	0	10920	17308672	0	true	false	0	0	0	0	true	1000033701	false	0	false	0	false	0
805307013	10	0	1	6581	6580	6579	0	0	6581	6580	6579	0	0	6581	6580	6579	0	0	6581	6580	6579	0	0	6581	6580	6579	0	0	6581	6580	6579	0	0	6581	6580	6579	0	0	6581	6580	6579	0	0	6581	6580	6579	0	0	6581	6580	6579	0	0	0	0	0	10920	17308672	0	false	false	0	0	0	0	true	1000033702	false	0	false	0	false	0
805307019	0	0	1	0	0	0	0	0	0	0	0	0	0	0	0	0	0	0	0	0	0	0	0	0	0	0	0	0	19058	0	0	0	0	0	0	0	0	0	0	0	0	0	0	0	0	0	0	0	0	0	0	0	0	0	0	0	10920	872415360	0	false	false	0	0	0	0	true	1000100198	false	0	false	0	false	0
805307020	1	0	1	0	0	0	0	0	0	0	0	0	0	0	0	0	0	0	0	0	0	0	0	0	0	0	0	0	17590	0	0	0	0	0	0	0	0	0	0	0	0	0	0	0	0	0	0	0	0	0	0	0	0	0	0	0	10920	872415360	0	false	false	0	0	0	0	true	1000100198	false	0	false	0	false	0
805307021	2	0	1	0	0	0	0	0	0	0	0	0	0	0	0	0	0	0	0	0	0	0	0	0	0	0	0	0	17592	0	0	0	0	0	0	0	0	0	0	0	0	0	0	0	0	0	0	0	0	0	0	0	0	0	0	0	10920	872415360	0	false	false	0	0	0	0	true	1000100198	false	0	false	0	false	0
805307022	3	0	1	0	0	0	0	0	0	0	0	0	0	0	0	0	0	0	0	0	0	0	0	0	0	0	0	0	17591	0	0	0	0	0	0	0	0	0	0	0	0	0	0	0	0	0	0	0	0	0	0	0	0	0	0	0	10920	872415360	0	false	false	0	0	0	0	true	1000100198	false	0	false	0	false	0
805307023	4	0	1	0	0	0	0	0	0	0	0	0	0	0	0	0	0	0	0	0	0	0	0	0	0	0	0	0	17593	0	0	0	0	0	0	0	0	0	0	0	0	0	0	0	0	0	0	0	0	0	0	0	0	0	0	0	10920	872415360	0	false	false	0	0	0	0	true	1000100198	false	0	false	0	false	0
805307024	9	0	1	0	0	0	0	0	0	0	0	0	0	0	0	0	0	0	0	0	0	0	0	0	0	0	0	0	18834	18837	18836	0	0	0	0	0	0	0	0	0	0	0	0	0	0	0	0	0	0	0	0	0	0	0	0	0	10920	872415360	0	false	false	0	0	0	0	true	1000100198	false	0	false	0	false	0
805307034	9	0	1	0	0	0	0	0	0	0	0	0	0	0	0	0	0	0	0	0	0	0	0	0	0	0	0	0	0	0	0	0	0	0	0	0	0	0	0	0	0	0	0	0	0	0	0	0	0	0	0	0	0	0	0	0	10920	0	0	false	false	0	0	0	0	false	0	false	0	false	0	false	0
805307035	9	0	1	0	0	0	0	0	0	0	0	0	0	0	0	0	0	0	0	0	0	0	0	0	0	0	0	0	0	0	0	0	0	0	0	0	0	0	0	0	0	0	0	0	0	0	0	0	0	0	0	0	0	0	0	0	10920	0	0	false	false	0	0	0	0	false	0	false	0	false	0	false	0
805310062	9	0	1	0	0	0	0	0	0	0	0	0	0	0	0	0	0	0	0	0	0	0	0	0	0	0	0	0	0	0	0	0	0	0	0	0	0	0	0	0	0	0	0	0	0	0	0	0	0	0	0	0	0	0	0	0	10920	0	0	false	false	0	0	0	0	false	0	false	0	false	0	false	0
805310063	9	0	1	0	0	0	0	0	0	0	0	0	0	0	0	0	0	0	0	0	0	0	0	0	0	0	0	0	0	0	0	0	0	0	0	0	0	0	0	0	0	0	0	0	0	0	0	0	0	0	0	0	0	0	0	0	10920	0	0	false	false	0	0	0	0	false	0	false	0	false	0	false	0
805307037	0	0	1	18187	0	0	0	0	18189	0	0	0	0	18191	0	0	0	0	18193	0	0	0	0	18195	0	0	0	0	0	0	0	0	0	0	0	0	0	0	0	0	0	0	0	0	0	0	0	0	0	0	0	0	0	0	0	1	10920	0	0	false	true	0	0	0	0	false	0	false	0	false	0	false	0
805307038	0	0	1	18188	0	0	0	0	18190	0	0	0	0	18192	0	0	0	0	18194	0	0	0	0	18196	0	0	0	0	0	0	0	0	0	0	0	0	0	0	0	0	0	0	0	0	0	0	0	0	0	0	0	0	0	0	0	1	10920	0	0	false	true	0	0	0	0	false	0	false	0	false	0	false	0
805307076	0	0	1	6416	6415	6414	0	0	6407	6406	6405	0	0	6413	6412	6411	0	0	6410	6409	6408	0	0	6404	6403	6402	0	0	17560	17561	17562	0	0	17560	17561	17562	0	0	0	0	0	0	0	0	0	0	0	0	0	0	0	0	0	0	0	0	10920	872415381	0	true	false	0	0	0	0	false	1000046189	false	0	false	0	false	0
805307077	10	0	1	6581	6580	6579	0	0	6581	6580	6579	0	0	6581	6580	6579	0	0	6581	6580	6579	0	0	6581	6580	6579	0	0	6581	6580	6579	0	0	6581	6580	6579	0	0	6581	6580	6579	0	0	6581	6580	6579	0	0	6581	6580	6579	0	0	0	0	0	10920	872415381	0	false	false	0	0	0	0	false	1000046190	false	0	false	0	false	0
805307078	0	0	1	18939	0	0	0	0	18943	0	0	0	0	18947	0	0	0	0	18951	0	0	0	0	18955	0	0	0	0	18959	0	0	0	0	18959	0	0	0	0	0	0	0	0	0	0	0	0	0	0	0	0	0	0	0	0	0	1	10920	0	0	false	false	0	0	0	0	false	0	false	0	false	0	false	0
805307111	0	0	1	18938	0	0	0	0	18942	0	0	0	0	18946	0	0	0	0	18950	0	0	0	0	18954	0	0	0	0	18958	0	0	0	0	0	0	0	0	0	0	0	0	0	0	0	0	0	0	0	0	0	0	0	0	0	0	1	10920	0	0	false	false	0	0	0	0	false	0	false	0	false	0	false	0
805307112	0	0	1	18936	0	0	0	0	18940	0	0	0	0	18944	0	0	0	0	18948	0	0	0	0	18952	0	0	0	0	18956	0	0	0	0	0	0	0	0	0	0	0	0	0	0	0	0	0	0	0	0	0	0	0	0	0	0	1	10920	0	0	false	false	0	0	0	0	false	0	false	0	false	0	false	0
805307113	0	0	1	18937	0	0	0	0	18941	0	0	0	0	18945	0	0	0	0	18949	0	0	0	0	18953	0	0	0	0	18957	0	0	0	0	0	0	0	0	0	0	0	0	0	0	0	0	0	0	0	0	0	0	0	0	0	0	1	10920	0	0	false	false	0	0	0	0	false	0	false	0	false	0	false	0
805307118	0	0	1	18187	0	0	0	0	18189	0	0	0	0	18191	0	0	0	0	18193	0	0	0	0	18195	0	0	0	0	19347	0	0	0	0	0	0	0	0	0	0	0	0	0	0	0	0	0	0	0	0	0	0	0	0	0	0	1	10920	17302784	0	false	true	0	0	0	0	true	1000046960	false	0	false	0	false	0
805307119	0	0	1	19357	0	0	0	0	19358	0	0	0	0	19359	0	0	0	0	19360	0	0	0	0	19361	0	0	0	0	0	0	0	0	0	0	0	0	0	0	0	0	0	0	0	0	0	0	0	0	0	0	0	0	0	0	0	1	10920	0	0	false	true	0	0	0	0	false	0	false	0	false	0	false	0
805307135	0	0	1	19393	0	0	0	0	19394	0	0	0	0	19395	0	0	0	0	19396	0	0	0	0	19397	0	0	0	0	22948	0	0	0	0	19394	0	0	0	0	0	0	0	0	0	0	0	0	0	0	0	0	0	0	0	0	0	1	10920	0	0	false	true	0	0	0	0	false	0	false	0	false	0	false	0
805307136	0	0	1	19403	0	0	0	0	19404	0	0	0	0	19405	0	0	0	0	19406	0	0	0	0	19407	0	0	0	0	22945	0	0	0	0	19404	0	0	0	0	0	0	0	0	0	0	0	0	0	0	0	0	0	0	0	0	0	1	10920	0	0	false	true	0	0	0	0	false	0	false	0	false	0	false	0
805307137	0	0	1	19398	0	0	0	0	19399	0	0	0	0	19400	0	0	0	0	19401	0	0	0	0	19402	0	0	0	0	22949	0	0	0	0	19399	0	0	0	0	0	0	0	0	0	0	0	0	0	0	0	0	0	0	0	0	0	1	10920	0	0	false	true	0	0	0	0	false	0	false	0	false	0	false	0
805307138	0	0	1	19431	0	0	0	0	19432	0	0	0	0	19433	0	0	0	0	19434	0	0	0	0	19435	0	0	0	0	0	0	0	0	0	0	0	0	0	0	0	0	0	0	0	0	0	0	0	0	0	0	0	0	0	0	0	1	10920	0	0	false	true	0	0	0	0	false	0	false	0	false	0	false	0
805307139	0	0	1	19436	0	0	0	0	19437	0	0	0	0	19438	0	0	0	0	19439	0	0	0	0	19440	0	0	0	0	0	0	0	0	0	0	0	0	0	0	0	0	0	0	0	0	0	0	0	0	0	0	0	0	0	0	0	1	10920	0	0	false	true	0	0	0	0	false	0	false	0	false	0	false	0
805307140	0	0	1	19441	0	0	0	0	19442	0	0	0	0	19443	0	0	0	0	19444	0	0	0	0	19445	0	0	0	0	0	0	0	0	0	0	0	0	0	0	0	0	0	0	0	0	0	0	0	0	0	0	0	0	0	0	0	1	10920	0	0	false	true	0	0	0	0	false	0	false	0	false	0	false	0
805307147	0	0	1	19450	0	0	0	0	19451	0	0	0	0	19452	0	0	0	0	19453	0	0	0	0	19454	0	0	0	0	22953	0	0	0	0	0	0	0	0	0	0	0	0	0	0	0	0	0	0	0	0	0	0	0	0	0	0	1	10920	0	0	false	true	0	0	0	0	false	0	false	0	false	0	false	0
805307361	0	0	1	20505	0	0	0	0	20501	0	0	0	0	20504	0	0	0	0	20502	0	0	0	0	20500	0	0	0	0	20503	0	0	0	0	0	0	0	0	0	0	0	0	0	0	0	0	0	0	0	0	0	0	0	0	0	0	1	10920	0	0	false	true	0	0	0	0	false	0	false	0	false	0	false	0
805307148	9	0	1	19455	7505	7504	0	0	19456	7496	7495	0	0	19457	7502	7501	0	0	19458	7499	7498	0	0	19459	7493	7492	0	0	19460	18837	18836	0	0	0	0	0	0	0	0	0	0	0	0	0	0	0	0	0	0	0	0	0	0	0	0	0	10920	0	0	false	false	0	0	0	0	false	0	false	0	false	0	false	0
805307149	0	0	1	8679	8678	8677	0	0	5782	5781	5780	0	0	7870	7869	7868	0	0	6985	6984	6983	0	0	5355	5354	5353	0	0	19409	19410	19411	0	0	0	0	0	0	0	0	0	0	0	0	0	0	0	0	0	0	0	0	0	0	0	0	0	10920	0	0	true	true	0	0	0	0	false	0	false	0	false	0	false	0
805307150	9	0	1	19544	7505	7504	0	0	19549	7496	7495	0	0	19546	7502	7501	0	0	19547	7499	7498	0	0	19545	7493	7492	0	0	19548	18837	18836	0	0	0	0	0	0	0	0	0	0	0	0	0	0	0	0	0	0	0	0	0	0	0	0	0	10920	17308928	0	false	false	0	0	0	0	true	1000047635	false	0	false	0	false	0
805307156	11	0	1	0	0	0	0	19522	0	0	0	0	19522	0	0	0	0	19522	0	0	0	0	19522	0	0	0	0	19522	0	0	0	0	19522	0	0	0	0	19522	0	0	0	0	19522	0	0	0	0	19522	0	0	0	0	19522	0	0	0	10920	17308928	0	false	false	0	0	0	0	true	1000047635	false	0	false	0	false	0
805307167	11	0	1	0	0	0	0	20065	0	0	0	0	20065	0	0	0	0	20065	0	0	0	0	20065	0	0	0	0	20065	0	0	0	0	20065	0	0	0	0	20065	0	0	0	0	20065	0	0	0	0	20065	0	0	0	0	20065	0	0	0	10920	0	0	false	false	0	0	0	0	false	0	false	0	false	0	false	0
805307168	11	0	1	0	0	0	0	20065	0	0	0	0	20065	0	0	0	0	20065	0	0	0	0	20065	0	0	0	0	20065	0	0	0	0	20065	0	0	0	0	20065	0	0	0	0	20065	0	0	0	0	20065	0	0	0	0	20065	0	0	0	10920	0	0	false	false	0	0	0	0	false	0	false	0	false	0	false	0
805307179	0	0	1	20052	0	0	0	0	0	0	0	0	0	0	0	0	0	0	20055	0	0	0	0	0	0	0	0	0	0	0	0	0	0	0	0	0	0	0	0	0	0	0	0	0	0	0	0	0	0	0	0	0	0	0	0	0	10920	0	0	false	false	0	0	0	0	false	0	false	0	false	0	false	0
805307180	0	0	1	20052	0	0	0	0	0	0	0	0	0	0	0	0	0	0	20055	0	0	0	0	0	0	0	0	0	0	0	0	0	0	0	0	0	0	0	0	0	0	0	0	0	0	0	0	0	0	0	0	0	0	0	0	0	10920	0	0	false	false	0	0	0	0	false	0	false	0	false	0	false	0
805307209	0	0	1	0	0	0	0	0	20053	0	0	0	0	20054	0	0	0	0	0	0	0	0	0	20056	0	0	0	0	20057	0	0	0	0	0	0	0	0	0	0	0	0	0	0	0	0	0	0	0	0	0	0	0	0	0	0	0	10920	0	0	false	false	0	0	0	0	false	0	false	0	false	0	false	0
805307210	0	0	1	0	0	0	0	0	20053	0	0	0	0	20054	0	0	0	0	0	0	0	0	0	20056	0	0	0	0	20057	0	0	0	0	0	0	0	0	0	0	0	0	0	0	0	0	0	0	0	0	0	0	0	0	0	0	0	10920	0	0	false	false	0	0	0	0	false	0	false	0	false	0	false	0
805307222	11	0	1	0	0	0	0	20065	0	0	0	0	20065	0	0	0	0	20065	0	0	0	0	20065	0	0	0	0	20065	0	0	0	0	20065	0	0	0	0	20065	0	0	0	0	20065	0	0	0	0	20065	0	0	0	0	20065	0	0	0	10920	0	0	false	false	0	0	0	0	false	0	false	0	false	0	false	0
805307223	0	0	1	20052	0	0	0	0	0	0	0	0	0	0	0	0	0	0	20055	0	0	0	0	0	0	0	0	0	0	0	0	0	0	0	0	0	0	0	0	0	0	0	0	0	0	0	0	0	0	0	0	0	0	0	0	0	10920	0	0	false	false	0	0	0	0	false	0	false	0	false	0	false	0
805307224	0	0	1	0	0	0	0	0	20053	0	0	0	0	20054	0	0	0	0	0	0	0	0	0	20056	0	0	0	0	0	0	0	0	0	0	0	0	0	0	0	0	0	0	0	0	0	0	0	0	0	0	0	0	0	0	0	0	10920	0	0	false	false	0	0	0	0	false	0	false	0	false	0	false	0
805307235	9	0	1	16024	14986	14987	0	0	16024	14986	14987	0	0	16024	14986	14987	0	0	16024	14986	14987	0	0	16024	14986	14987	0	0	16024	14986	14987	0	0	16024	14986	14987	0	0	16024	14986	14987	0	0	16024	14986	14987	0	0	16024	14986	14987	0	0	0	0	0	10920	0	0	false	false	0	0	0	0	false	0	false	0	false	0	false	0
805307236	9	0	1	16023	15838	15839	0	0	16023	15838	15839	0	0	16023	15838	15839	0	0	16023	15838	15839	0	0	16023	15838	15839	0	0	16023	15838	15839	0	0	16023	15838	15839	0	0	16023	15838	15839	0	0	16023	15838	15839	0	0	16023	15838	15839	0	0	0	0	0	10920	0	0	false	false	0	0	0	0	false	0	false	0	false	0	false	0
805307239	0	0	1	8656	0	0	0	0	5729	0	0	0	0	7847	0	0	0	0	6962	0	0	0	0	14153	0	0	0	0	20365	0	0	0	0	0	0	0	0	0	0	0	0	0	0	0	0	0	0	0	0	0	0	0	0	0	0	1	10920	0	0	false	true	0	0	0	0	true	0	false	0	false	0	false	0
805307240	0	0	1	8657	0	0	0	0	5730	0	0	0	0	7848	0	0	0	0	6963	0	0	0	0	14154	0	0	0	0	20363	0	0	0	0	0	0	0	0	0	0	0	0	0	0	0	0	0	0	0	0	0	0	0	0	0	0	1	10920	0	0	false	true	0	0	0	0	true	0	false	0	false	0	false	0
805307241	0	0	1	8654	0	0	0	0	5727	0	0	0	0	7845	0	0	0	0	6960	0	0	0	0	14155	0	0	0	0	20364	0	0	0	0	0	0	0	0	0	0	0	0	0	0	0	0	0	0	0	0	0	0	0	0	0	0	1	10920	0	0	false	true	0	0	0	0	true	0	false	0	false	0	false	0
805307242	0	0	1	8655	0	0	0	0	5728	0	0	0	0	7846	0	0	0	0	6961	0	0	0	0	14156	0	0	0	0	20366	0	0	0	0	0	0	0	0	0	0	0	0	0	0	0	0	0	0	0	0	0	0	0	0	0	0	1	10920	0	0	false	true	0	0	0	0	true	0	false	0	false	0	false	0
805307243	0	0	1	20333	20332	20331	0	0	20336	20335	20334	0	0	20339	20338	20337	0	0	20342	20341	20340	0	0	20345	20344	20343	0	0	20348	20347	20346	0	0	0	0	0	0	0	0	0	0	0	0	0	0	0	0	0	0	0	0	0	0	0	0	0	10920	0	0	true	false	0	0	0	0	false	0	false	0	false	0	false	0
805307252	11	0	1	0	0	0	0	20353	0	0	0	0	20353	0	0	0	0	20353	0	0	0	0	20353	0	0	0	0	20353	0	0	0	0	20353	0	0	0	0	20353	0	0	0	0	20353	0	0	0	0	20353	0	0	0	0	20353	0	0	0	10920	0	0	false	false	0	0	0	0	false	0	false	0	false	0	false	0
805307253	9	0	1	20354	20355	20356	0	0	20354	20355	20356	0	0	20354	20355	20356	0	0	20354	20355	20356	0	0	20354	20355	20356	0	0	20354	20355	20356	0	0	20354	20355	20356	0	0	20354	20355	20356	0	0	20354	20355	20356	0	0	20354	20355	20356	0	0	0	0	0	10920	0	0	false	false	0	0	0	0	false	0	false	0	false	0	false	0
805307254	12	0	1	20357	20407	20359	0	0	20357	20407	20359	0	0	20357	20407	20359	0	0	20357	20407	20359	0	0	20357	20407	20359	0	0	20357	20407	20359	0	0	20357	20407	20359	0	0	20357	20407	20359	0	0	20357	20407	20359	0	0	20357	20407	20359	0	0	0	0	0	10920	0	0	false	false	0	0	0	0	false	0	false	0	false	0	false	0
805307255	12	0	1	20360	20361	20362	0	0	20360	20361	20362	0	0	20360	20361	20362	0	0	20360	20361	20362	0	0	20360	20361	20362	0	0	20360	20361	20362	0	0	20360	20361	20362	0	0	20360	20361	20362	0	0	20360	20361	20362	0	0	20360	20361	20362	0	0	0	0	0	10920	0	0	false	false	0	0	0	0	false	0	false	0	false	0	false	0
805307251	11	0	1	0	0	0	0	20352	0	0	0	0	20352	0	0	0	0	20352	0	0	0	0	20352	0	0	0	0	20352	0	0	0	0	20352	0	0	0	0	20352	0	0	0	0	20352	0	0	0	0	20352	0	0	0	0	20352	0	0	0	10920	872415446	0	false	false	0	0	0	0	true	1000051405	false	0	false	0	false	0
805307244	10	0	1	20351	20350	20349	0	0	20351	20350	20349	0	0	20351	20350	20349	0	0	20351	20350	20349	0	0	20351	20350	20349	0	0	20351	20350	20349	0	0	20351	20350	20349	0	0	20351	20350	20349	0	0	20351	20350	20349	0	0	20351	20350	20349	0	0	0	0	0	10920	872415446	0	false	false	0	0	0	0	true	1000051405	false	0	false	0	false	0
805307268	9	0	1	20354	20355	20356	0	0	20354	20355	20356	0	0	20354	20355	20356	0	0	20354	20355	20356	0	0	20354	20355	20356	0	0	20354	20355	20356	0	0	20354	20355	20356	0	0	20354	20355	20356	0	0	20354	20355	20356	0	0	20354	20355	20356	0	0	0	0	0	10920	872415446	0	false	false	0	0	0	0	true	1000051405	false	0	false	0	false	0
805307269	12	0	1	20357	20407	20359	0	0	20357	20407	20359	0	0	20357	20407	20359	0	0	20357	20407	20359	0	0	20357	20407	20359	0	0	20357	20407	20359	0	0	20357	20407	20359	0	0	20357	20407	20359	0	0	20357	20407	20359	0	0	20357	20407	20359	0	0	0	0	0	10920	872415446	0	false	false	0	0	0	0	true	1000051405	false	0	false	0	false	0
805307362	9	0	1	20564	6357	6356	0	0	20564	6357	6356	0	0	20564	6357	6356	0	0	20564	6357	6356	0	0	20564	6357	6356	0	0	20564	6357	6356	0	0	20564	6357	6356	0	0	20564	6357	6356	0	0	20564	6357	6356	0	0	20564	6357	6356	0	0	0	0	0	10920	0	0	false	false	0	0	0	0	false	0	false	0	false	0	false	0
805307363	9	0	1	20570	6357	6356	0	0	20570	6357	6356	0	0	20570	6357	6356	0	0	20570	6357	6356	0	0	20570	6357	6356	0	0	20570	6357	6356	0	0	20570	6357	6356	0	0	20570	6357	6356	0	0	20570	6357	6356	0	0	20570	6357	6356	0	0	0	0	0	10920	0	0	false	false	0	0	0	0	false	0	false	0	false	0	false	0
805307364	9	0	1	20567	6357	6356	0	0	20567	6357	6356	0	0	20567	6357	6356	0	0	20567	6357	6356	0	0	20567	6357	6356	0	0	20567	6357	6356	0	0	20567	6357	6356	0	0	20567	6357	6356	0	0	20567	6357	6356	0	0	20567	6357	6356	0	0	0	0	0	10920	0	0	false	false	0	0	0	0	false	0	false	0	false	0	false	0
805307365	11	0	1	0	0	0	0	20690	0	0	0	0	20690	0	0	0	0	20690	0	0	0	0	20690	0	0	0	0	20690	0	0	0	0	20690	0	0	0	0	20690	0	0	0	0	20690	0	0	0	0	0	0	0	0	0	0	0	0	0	10920	0	0	false	false	0	0	0	0	false	0	false	0	false	0	false	0
805307366	11	0	1	0	0	0	0	20691	0	0	0	0	20691	0	0	0	0	20691	0	0	0	0	20691	0	0	0	0	20691	0	0	0	0	20691	0	0	0	0	20691	0	0	0	0	20691	0	0	0	0	0	0	0	0	0	0	0	0	0	10920	0	0	false	false	0	0	0	0	false	0	false	0	false	0	false	0
805307457	0	0	1	21168	0	0	0	0	21169	0	0	0	0	21170	0	0	0	0	21171	0	0	0	0	21172	0	0	0	0	21173	0	0	0	0	0	0	0	0	0	0	0	0	0	0	0	0	0	0	0	0	0	0	0	0	0	0	1	10920	872415456	0	false	true	0	0	0	0	true	1000053426	false	0	false	0	false	0
805307467	0	0	1	21174	0	0	0	0	21175	0	0	0	0	21176	0	0	0	0	21177	0	0	0	0	21178	0	0	0	0	21179	0	0	0	0	35493	0	0	0	0	35494	0	0	0	0	0	0	0	0	0	0	0	0	0	0	0	0	0	10920	872415456	0	false	true	0	0	0	0	true	1000053426	false	0	false	0	false	0
805307477	0	0	1	6416	6415	6414	0	0	6407	6406	6405	0	0	6413	6412	6411	0	0	6410	6409	6408	0	0	6404	6403	6402	0	0	17560	17561	17562	0	0	0	0	0	0	0	0	0	0	0	0	0	0	0	0	0	0	0	0	0	0	0	0	0	10920	17303040	0	true	false	0	0	0	0	true	1000055108	false	0	false	0	false	0
805307478	0	0	1	6400	6398	6397	0	0	6385	6383	6382	0	0	6395	6393	6392	0	0	6390	6388	6387	0	0	6380	6378	6377	0	0	17541	17558	17559	0	0	0	0	0	0	0	0	0	0	0	0	0	0	0	0	0	0	0	0	0	0	0	0	0	10920	17303040	0	true	false	0	0	0	0	true	1000055108	false	0	false	0	false	0
805307479	0	0	1	17092	12857	12866	0	0	17093	12859	12868	0	0	17094	12860	12869	0	0	17095	12861	12870	0	0	17096	12862	12871	0	0	21494	19583	19584	0	0	0	0	0	0	0	0	0	0	0	0	0	0	0	0	0	0	0	0	0	0	0	0	0	10920	17303040	0	true	false	0	0	0	0	true	1000055108	false	0	false	0	false	0
805307480	0	0	1	12811	0	0	0	0	12827	0	0	0	0	12839	0	0	0	0	12851	0	0	0	0	17100	0	0	0	0	21495	0	0	0	0	0	0	0	0	0	0	0	0	0	0	0	0	0	0	0	0	0	0	0	0	0	0	0	10920	17303040	0	true	false	0	0	0	0	true	1000055108	false	0	false	0	false	0
805307481	0	0	1	16788	16789	16790	0	0	16793	16794	16795	0	0	16798	16799	16800	0	0	16803	16804	16805	0	0	16808	16809	16810	0	0	21496	19554	19555	0	0	0	0	0	0	0	0	0	0	0	0	0	0	0	0	0	0	0	0	0	0	0	0	0	10920	17303040	0	true	false	0	0	0	0	true	1000055108	false	0	false	0	false	0
805307482	0	0	1	20301	20302	20303	0	0	20273	20274	20306	0	0	20277	20279	20308	0	0	20310	20311	20312	0	0	20287	20314	20315	0	0	20316	20294	20317	0	0	0	0	0	0	0	0	0	0	0	0	0	0	0	0	0	0	0	0	0	0	0	0	0	10920	17303040	0	true	false	0	0	0	0	true	1000055108	false	0	false	0	false	0
805307483	0	0	1	6416	6415	6414	0	0	6407	6406	6405	0	0	6413	6412	6411	0	0	6410	6409	6408	0	0	6404	6403	6402	0	0	17560	17561	17562	0	0	0	0	0	0	0	0	0	0	0	0	0	0	0	0	0	0	0	0	0	0	0	0	0	10920	17303040	0	true	false	0	0	0	0	true	1000055108	false	0	false	0	false	0
805307484	0	0	1	6400	6398	6397	0	0	6385	6383	6382	0	0	6395	6393	6392	0	0	6390	6388	6387	0	0	6380	6378	6377	0	0	17541	17558	17559	0	0	0	0	0	0	0	0	0	0	0	0	0	0	0	0	0	0	0	0	0	0	0	0	0	10920	17303040	0	true	false	0	0	0	0	true	1000055108	false	0	false	0	false	0
805307485	0	0	1	17092	12857	12866	0	0	17093	12859	12868	0	0	17094	12860	12869	0	0	17095	12861	12870	0	0	17096	12862	12871	0	0	21494	19583	19584	0	0	0	0	0	0	0	0	0	0	0	0	0	0	0	0	0	0	0	0	0	0	0	0	0	10920	17303040	0	true	false	0	0	0	0	true	1000055108	false	0	false	0	false	0
805307486	0	0	1	12811	0	0	0	0	12827	0	0	0	0	12839	0	0	0	0	12851	0	0	0	0	17100	0	0	0	0	21495	0	0	0	0	0	0	0	0	0	0	0	0	0	0	0	0	0	0	0	0	0	0	0	0	0	0	0	10920	17303040	0	true	false	0	0	0	0	true	1000055108	false	0	false	0	false	0
805307487	0	0	1	16788	16789	16790	0	0	16793	16794	16795	0	0	16798	16799	16800	0	0	16803	16804	16805	0	0	16808	16809	16810	0	0	21496	19554	19555	0	0	0	0	0	0	0	0	0	0	0	0	0	0	0	0	0	0	0	0	0	0	0	0	0	10920	17303040	0	true	false	0	0	0	0	true	1000055108	false	0	false	0	false	0
805307488	0	0	1	20301	20302	20303	0	0	20273	20274	20306	0	0	20277	20279	20308	0	0	20310	20311	20312	0	0	20287	20314	20315	0	0	20316	20294	20317	0	0	0	0	0	0	0	0	0	0	0	0	0	0	0	0	0	0	0	0	0	0	0	0	0	10920	17303040	0	true	false	0	0	0	0	true	1000055108	false	0	false	0	false	0
805307489	0	0	1	6416	6415	6414	0	0	6407	6406	6405	0	0	6413	6412	6411	0	0	6410	6409	6408	0	0	6404	6403	6402	0	0	17560	17561	17562	0	0	0	0	0	0	0	0	0	0	0	0	0	0	0	0	0	0	0	0	0	0	0	0	0	10920	17303040	0	true	false	0	0	0	0	true	1000055108	false	0	false	0	false	0
805307490	0	0	1	6400	6398	6397	0	0	6385	6383	6382	0	0	6395	6393	6392	0	0	6390	6388	6387	0	0	6380	6378	6377	0	0	17541	17558	17559	0	0	0	0	0	0	0	0	0	0	0	0	0	0	0	0	0	0	0	0	0	0	0	0	0	10920	17303040	0	true	false	0	0	0	0	true	1000055108	false	0	false	0	false	0
805307491	0	0	1	17092	12857	12866	0	0	17093	12859	12868	0	0	17094	12860	12869	0	0	17095	12861	12870	0	0	17096	12862	12871	0	0	21494	19583	19584	0	0	0	0	0	0	0	0	0	0	0	0	0	0	0	0	0	0	0	0	0	0	0	0	0	10920	17303040	0	true	false	0	0	0	0	true	1000055108	false	0	false	0	false	0
805307492	0	0	1	12811	0	0	0	0	12827	0	0	0	0	12839	0	0	0	0	12851	0	0	0	0	17100	0	0	0	0	21495	0	0	0	0	0	0	0	0	0	0	0	0	0	0	0	0	0	0	0	0	0	0	0	0	0	0	0	10920	17303040	0	true	false	0	0	0	0	true	1000055108	false	0	false	0	false	0
805307493	0	0	1	16788	16789	16790	0	0	16793	16794	16795	0	0	16798	16799	16800	0	0	16803	16804	16805	0	0	16808	16809	16810	0	0	21496	19554	19555	0	0	0	0	0	0	0	0	0	0	0	0	0	0	0	0	0	0	0	0	0	0	0	0	0	10920	17303040	0	true	false	0	0	0	0	true	1000055108	false	0	false	0	false	0
805307494	0	0	1	20301	20302	20303	0	0	20273	20274	20306	0	0	20277	20279	20308	0	0	20310	20311	20312	0	0	20287	20314	20315	0	0	20316	20294	20317	0	0	0	0	0	0	0	0	0	0	0	0	0	0	0	0	0	0	0	0	0	0	0	0	0	10920	17303040	0	true	false	0	0	0	0	true	1000055108	false	0	false	0	false	0
805307495	10	0	1	6581	6580	6579	0	0	6581	6580	6579	0	0	6581	6580	6579	0	0	6581	6580	6579	0	0	6581	6580	6579	0	0	6581	6580	6579	0	0	0	0	0	0	0	0	0	0	0	0	0	0	0	0	0	0	0	0	0	0	0	0	0	10920	17303040	0	false	false	0	0	0	0	true	1000055109	false	0	false	0	false	0
805307496	10	0	1	6577	6575	6574	0	0	6577	6575	6574	0	0	6577	6575	6574	0	0	6577	6575	6574	0	0	6577	6575	6574	0	0	6577	6575	6574	0	0	0	0	0	0	0	0	0	0	0	0	0	0	0	0	0	0	0	0	0	0	0	0	0	10920	17303040	0	false	false	0	0	0	0	true	1000055109	false	0	false	0	false	0
805307497	10	0	1	17098	12858	12867	0	0	17098	12858	12867	0	0	17098	12858	12867	0	0	17098	12858	12867	0	0	17098	12858	12867	0	0	17098	12858	12867	0	0	0	0	0	0	0	0	0	0	0	0	0	0	0	0	0	0	0	0	0	0	0	0	0	10920	17303040	0	false	false	0	0	0	0	true	1000055109	false	0	false	0	false	0
805307498	10	0	1	12814	12856	12865	0	0	12814	12856	12865	0	0	12814	12856	12865	0	0	12814	12856	12865	0	0	12814	12856	12865	0	0	12814	12856	12865	0	0	0	0	0	0	0	0	0	0	0	0	0	0	0	0	0	0	0	0	0	0	0	0	0	10920	17303040	0	false	false	0	0	0	0	true	1000055109	false	0	false	0	false	0
805307499	10	0	1	16813	16814	16815	0	0	16813	16814	16815	0	0	16813	16814	16815	0	0	16813	16814	16815	0	0	16813	16814	16815	0	0	16813	16814	16815	0	0	0	0	0	0	0	0	0	0	0	0	0	0	0	0	0	0	0	0	0	0	0	0	0	10920	17303040	0	false	false	0	0	0	0	true	1000055109	false	0	false	0	false	0
805307500	10	0	1	20319	20320	20321	0	0	20319	20320	20321	0	0	20319	20320	20321	0	0	20319	20320	20321	0	0	20319	20320	20321	0	0	20319	20320	20321	0	0	0	0	0	0	0	0	0	0	0	0	0	0	0	0	0	0	0	0	0	0	0	0	0	10920	17303040	0	false	false	0	0	0	0	true	1000055109	false	0	false	0	false	0
805307535	9	0	1	21828	7505	7504	0	0	21828	7505	7504	0	0	21828	7505	7504	0	0	21828	7505	7504	0	0	21828	7505	7504	0	0	21828	7505	7504	0	0	0	0	0	0	0	0	0	0	0	0	0	0	0	0	0	0	0	0	0	0	0	0	0	10920	0	0	false	false	0	0	0	0	false	0	false	0	false	0	false	0
805307536	9	0	1	21829	7505	7504	0	0	21829	7505	7504	0	0	21829	7505	7504	0	0	21829	7505	7504	0	0	21829	7505	7504	0	0	21829	7505	7504	0	0	0	0	0	0	0	0	0	0	0	0	0	0	0	0	0	0	0	0	0	0	0	0	0	10920	0	0	false	false	0	0	0	0	false	0	false	0	false	0	false	0
805307537	9	0	1	21830	7505	7504	0	0	21830	7505	7504	0	0	21830	7505	7504	0	0	21830	7505	7504	0	0	21830	7505	7504	0	0	21830	7505	7504	0	0	0	0	0	0	0	0	0	0	0	0	0	0	0	0	0	0	0	0	0	0	0	0	0	10920	0	0	false	false	0	0	0	0	false	0	false	0	false	0	false	0
805307538	9	0	1	21831	7505	7504	0	0	21831	7505	7504	0	0	21831	7505	7504	0	0	21831	7505	7504	0	0	21831	7505	7504	0	0	21831	7505	7504	0	0	0	0	0	0	0	0	0	0	0	0	0	0	0	0	0	0	0	0	0	0	0	0	0	10920	0	0	false	false	0	0	0	0	false	0	false	0	false	0	false	0
805307539	9	0	1	21832	7505	7504	0	0	21832	7505	7504	0	0	21832	7505	7504	0	0	21832	7505	7504	0	0	21832	7505	7504	0	0	21832	7505	7504	0	0	0	0	0	0	0	0	0	0	0	0	0	0	0	0	0	0	0	0	0	0	0	0	0	10920	0	0	false	false	0	0	0	0	false	0	false	0	false	0	false	0
805307540	9	0	1	21833	7505	7504	0	0	21833	7505	7504	0	0	21833	7505	7504	0	0	21833	7505	7504	0	0	21833	7505	7504	0	0	21833	7505	7504	0	0	0	0	0	0	0	0	0	0	0	0	0	0	0	0	0	0	0	0	0	0	0	0	0	10920	0	0	false	false	0	0	0	0	false	0	false	0	false	0	false	0
805307541	9	0	1	21834	7505	7504	0	0	21834	7505	7504	0	0	21834	7505	7504	0	0	21834	7505	7504	0	0	21834	7505	7504	0	0	21834	7505	7504	0	0	0	0	0	0	0	0	0	0	0	0	0	0	0	0	0	0	0	0	0	0	0	0	0	10920	0	0	false	false	0	0	0	0	false	0	false	0	false	0	false	0
805307542	9	0	1	21835	7505	7504	0	0	21835	7505	7504	0	0	21835	7505	7504	0	0	21835	7505	7504	0	0	21835	7505	7504	0	0	21835	7505	7504	0	0	0	0	0	0	0	0	0	0	0	0	0	0	0	0	0	0	0	0	0	0	0	0	0	10920	0	0	false	false	0	0	0	0	false	0	false	0	false	0	false	0
805307543	9	0	1	21836	7505	7504	0	0	21836	7505	7504	0	0	21836	7505	7504	0	0	21836	7505	7504	0	0	21836	7505	7504	0	0	21836	7505	7504	0	0	0	0	0	0	0	0	0	0	0	0	0	0	0	0	0	0	0	0	0	0	0	0	0	10920	0	0	false	false	0	0	0	0	false	0	false	0	false	0	false	0
805307544	9	0	1	21837	7505	7504	0	0	21837	7505	7504	0	0	21837	7505	7504	0	0	21837	7505	7504	0	0	21837	7505	7504	0	0	21837	7505	7504	0	0	0	0	0	0	0	0	0	0	0	0	0	0	0	0	0	0	0	0	0	0	0	0	0	10920	0	0	false	false	0	0	0	0	false	0	false	0	false	0	false	0
805307545	9	0	1	21838	7505	7504	0	0	21838	7505	7504	0	0	21838	7505	7504	0	0	21838	7505	7504	0	0	21838	7505	7504	0	0	21838	7505	7504	0	0	0	0	0	0	0	0	0	0	0	0	0	0	0	0	0	0	0	0	0	0	0	0	0	10920	0	0	false	false	0	0	0	0	false	0	false	0	false	0	false	0
805307546	9	0	1	21839	7505	7504	0	0	21839	7505	7504	0	0	21839	7505	7504	0	0	21839	7505	7504	0	0	21839	7505	7504	0	0	21839	7505	7504	0	0	0	0	0	0	0	0	0	0	0	0	0	0	0	0	0	0	0	0	0	0	0	0	0	10920	0	0	false	false	0	0	0	0	false	0	false	0	false	0	false	0
805307547	9	0	1	21840	7505	7504	0	0	21840	7505	7504	0	0	21840	7505	7504	0	0	21840	7505	7504	0	0	21840	7505	7504	0	0	21840	7505	7504	0	0	0	0	0	0	0	0	0	0	0	0	0	0	0	0	0	0	0	0	0	0	0	0	0	10920	0	0	false	false	0	0	0	0	false	0	false	0	false	0	false	0
805307548	9	0	1	21841	7505	7504	0	0	21841	7505	7504	0	0	21841	7505	7504	0	0	21841	7505	7504	0	0	21841	7505	7504	0	0	21841	7505	7504	0	0	0	0	0	0	0	0	0	0	0	0	0	0	0	0	0	0	0	0	0	0	0	0	0	10920	0	0	false	false	0	0	0	0	false	0	false	0	false	0	false	0
805307549	9	0	1	21842	7505	7504	0	0	21842	7505	7504	0	0	21842	7505	7504	0	0	21842	7505	7504	0	0	21842	7505	7504	0	0	21842	7505	7504	0	0	0	0	0	0	0	0	0	0	0	0	0	0	0	0	0	0	0	0	0	0	0	0	0	10920	0	0	false	false	0	0	0	0	false	0	false	0	false	0	false	0
805307550	9	0	1	21843	7505	7504	0	0	21843	7505	7504	0	0	21843	7505	7504	0	0	21843	7505	7504	0	0	21843	7505	7504	0	0	21843	7505	7504	0	0	0	0	0	0	0	0	0	0	0	0	0	0	0	0	0	0	0	0	0	0	0	0	0	10920	0	0	false	false	0	0	0	0	false	0	false	0	false	0	false	0
805307551	9	0	1	21844	7505	7504	0	0	21844	7505	7504	0	0	21844	7505	7504	0	0	21844	7505	7504	0	0	21844	7505	7504	0	0	21844	7505	7504	0	0	0	0	0	0	0	0	0	0	0	0	0	0	0	0	0	0	0	0	0	0	0	0	0	10920	0	0	false	false	0	0	0	0	false	0	false	0	false	0	false	0
805307552	9	0	1	21845	7505	7504	0	0	21845	7505	7504	0	0	21845	7505	7504	0	0	21845	7505	7504	0	0	21845	7505	7504	0	0	21845	7505	7504	0	0	0	0	0	0	0	0	0	0	0	0	0	0	0	0	0	0	0	0	0	0	0	0	0	10920	0	0	false	false	0	0	0	0	false	0	false	0	false	0	false	0
805307553	0	0	1	21867	0	0	0	0	21855	0	0	0	0	21864	0	0	0	0	21858	0	0	0	0	21852	0	0	0	0	21861	0	0	0	0	27093	0	0	0	0	21855	0	0	0	0	44154	0	0	0	0	0	0	0	0	0	0	0	1	10920	0	0	false	true	0	0	0	0	false	0	false	0	false	0	false	0
805307554	0	0	1	21868	0	0	0	0	21856	0	0	0	0	21865	0	0	0	0	21859	0	0	0	0	21853	0	0	0	0	21862	0	0	0	0	27094	0	0	0	0	21856	0	0	0	0	44155	0	0	0	0	0	0	0	0	0	0	0	1	10920	0	0	false	true	0	0	0	0	false	0	false	0	false	0	false	0
805307555	0	0	1	21869	0	0	0	0	21857	0	0	0	0	21866	0	0	0	0	21860	0	0	0	0	21854	0	0	0	0	21863	0	0	0	0	27095	0	0	0	0	21857	0	0	0	0	44156	0	0	0	0	0	0	0	0	0	0	0	1	10920	0	0	false	true	0	0	0	0	false	0	false	0	false	0	false	0
805307676	0	0	1	20266	20302	20303	0	0	20304	20274	20306	0	0	20307	20279	20308	0	0	20309	20311	20312	0	0	20313	20314	20315	0	0	20291	20294	20317	0	0	27626	27628	27629	0	0	32184	33115	33116	0	0	0	0	0	0	0	0	0	0	0	0	0	0	0	10920	17302784	0	true	true	0	0	0	0	true	1000010032	false	0	false	0	false	0
805307679	10	0	1	20318	20320	20321	0	0	20318	20320	20321	0	0	20318	20320	20321	0	0	20318	20320	20321	0	0	20318	20320	20321	0	0	20318	20320	20321	0	0	20318	20320	20321	0	0	20318	20320	20321	0	0	0	0	0	0	0	0	0	0	0	0	0	0	0	10920	17308928	0	false	false	0	0	0	0	true	1000021440	false	0	false	0	false	0
805307680	0	0	1	23131	0	0	0	0	0	0	0	0	0	0	0	0	0	0	0	0	0	0	0	0	0	0	0	0	0	0	0	0	0	0	0	0	0	0	0	0	0	0	0	0	0	0	0	0	0	0	0	0	0	0	0	0	10920	872415518	0	true	false	0	0	0	0	true	1000056745	false	0	false	0	false	0
805307681	1	0	1	9305	0	0	0	0	0	0	0	0	0	0	0	0	0	0	0	0	0	0	0	0	0	0	0	0	0	0	0	0	0	0	0	0	0	0	0	0	0	0	0	0	0	0	0	0	0	0	0	0	0	0	0	0	10920	872415518	0	false	false	0	0	0	0	true	1000056745	false	0	false	0	false	0
805307682	2	0	1	9308	0	0	0	0	0	0	0	0	0	0	0	0	0	0	0	0	0	0	0	0	0	0	0	0	0	0	0	0	0	0	0	0	0	0	0	0	0	0	0	0	0	0	0	0	0	0	0	0	0	0	0	0	10920	872415518	0	false	false	0	0	0	0	true	1000056745	false	0	false	0	false	0
805307683	3	0	1	9307	0	0	0	0	0	0	0	0	0	0	0	0	0	0	0	0	0	0	0	0	0	0	0	0	0	0	0	0	0	0	0	0	0	0	0	0	0	0	0	0	0	0	0	0	0	0	0	0	0	0	0	0	10920	872415518	0	false	false	0	0	0	0	true	1000056745	false	0	false	0	false	0
805307684	4	0	1	9306	0	0	0	0	0	0	0	0	0	0	0	0	0	0	0	0	0	0	0	0	0	0	0	0	0	0	0	0	0	0	0	0	0	0	0	0	0	0	0	0	0	0	0	0	0	0	0	0	0	0	0	0	10920	872415518	0	false	false	0	0	0	0	true	1000056745	false	0	false	0	false	0
805307685	0	0	1	0	0	0	0	0	23131	0	0	0	0	0	0	0	0	0	0	0	0	0	0	0	0	0	0	0	0	0	0	0	0	0	0	0	0	0	0	0	0	0	0	0	0	0	0	0	0	0	0	0	0	0	0	0	10920	872415518	0	true	false	0	0	0	0	true	1000056745	false	0	false	0	false	0
805307686	1	0	1	0	0	0	0	0	6288	0	0	0	0	0	0	0	0	0	0	0	0	0	0	0	0	0	0	0	0	0	0	0	0	0	0	0	0	0	0	0	0	0	0	0	0	0	0	0	0	0	0	0	0	0	0	0	10920	872415518	0	false	false	0	0	0	0	true	1000056745	false	0	false	0	false	0
805307687	2	0	1	0	0	0	0	0	6291	0	0	0	0	0	0	0	0	0	0	0	0	0	0	0	0	0	0	0	0	0	0	0	0	0	0	0	0	0	0	0	0	0	0	0	0	0	0	0	0	0	0	0	0	0	0	0	10920	872415518	0	false	false	0	0	0	0	true	1000056745	false	0	false	0	false	0
805307688	3	0	1	0	0	0	0	0	6290	0	0	0	0	0	0	0	0	0	0	0	0	0	0	0	0	0	0	0	0	0	0	0	0	0	0	0	0	0	0	0	0	0	0	0	0	0	0	0	0	0	0	0	0	0	0	0	10920	872415518	0	false	false	0	0	0	0	true	1000056745	false	0	false	0	false	0
805307689	4	0	1	0	0	0	0	0	6289	0	0	0	0	0	0	0	0	0	0	0	0	0	0	0	0	0	0	0	0	0	0	0	0	0	0	0	0	0	0	0	0	0	0	0	0	0	0	0	0	0	0	0	0	0	0	0	10920	872415518	0	false	false	0	0	0	0	true	1000056745	false	0	false	0	false	0
805307690	0	0	1	0	0	0	0	0	0	0	0	0	0	23131	0	0	0	0	0	0	0	0	0	0	0	0	0	0	0	0	0	0	0	0	0	0	0	0	0	0	0	0	0	0	0	0	0	0	0	0	0	0	0	0	0	0	10920	872415518	0	true	false	0	0	0	0	true	1000056745	false	0	false	0	false	0
805307691	1	0	1	0	0	0	0	0	0	0	0	0	0	8371	0	0	0	0	0	0	0	0	0	0	0	0	0	0	0	0	0	0	0	0	0	0	0	0	0	0	0	0	0	0	0	0	0	0	0	0	0	0	0	0	0	0	10920	872415518	0	false	false	0	0	0	0	true	1000056745	false	0	false	0	false	0
805307692	2	0	1	0	0	0	0	0	0	0	0	0	0	8389	0	0	0	0	0	0	0	0	0	0	0	0	0	0	0	0	0	0	0	0	0	0	0	0	0	0	0	0	0	0	0	0	0	0	0	0	0	0	0	0	0	0	10920	872415518	0	false	false	0	0	0	0	true	1000056745	false	0	false	0	false	0
805307693	3	0	1	0	0	0	0	0	0	0	0	0	0	8373	0	0	0	0	0	0	0	0	0	0	0	0	0	0	0	0	0	0	0	0	0	0	0	0	0	0	0	0	0	0	0	0	0	0	0	0	0	0	0	0	0	0	10920	872415518	0	false	false	0	0	0	0	true	1000056745	false	0	false	0	false	0
805307694	4	0	1	0	0	0	0	0	0	0	0	0	0	8372	0	0	0	0	0	0	0	0	0	0	0	0	0	0	0	0	0	0	0	0	0	0	0	0	0	0	0	0	0	0	0	0	0	0	0	0	0	0	0	0	0	0	10920	872415518	0	false	false	0	0	0	0	true	1000056745	false	0	false	0	false	0
805307695	0	0	1	0	0	0	0	0	0	0	0	0	0	0	0	0	0	0	23131	0	0	0	0	0	0	0	0	0	0	0	0	0	0	0	0	0	0	0	0	0	0	0	0	0	0	0	0	0	0	0	0	0	0	0	0	0	10920	872415518	0	true	false	0	0	0	0	true	1000056745	false	0	false	0	false	0
805307696	1	0	1	0	0	0	0	0	0	0	0	0	0	0	0	0	0	0	7459	0	0	0	0	0	0	0	0	0	0	0	0	0	0	0	0	0	0	0	0	0	0	0	0	0	0	0	0	0	0	0	0	0	0	0	0	0	10920	872415518	0	false	false	0	0	0	0	true	1000056745	false	0	false	0	false	0
805307697	2	0	1	0	0	0	0	0	0	0	0	0	0	0	0	0	0	0	7462	0	0	0	0	0	0	0	0	0	0	0	0	0	0	0	0	0	0	0	0	0	0	0	0	0	0	0	0	0	0	0	0	0	0	0	0	0	10920	872415518	0	false	false	0	0	0	0	true	1000056745	false	0	false	0	false	0
805307698	3	0	1	0	0	0	0	0	0	0	0	0	0	0	0	0	0	0	7461	0	0	0	0	0	0	0	0	0	0	0	0	0	0	0	0	0	0	0	0	0	0	0	0	0	0	0	0	0	0	0	0	0	0	0	0	0	10920	872415518	0	false	false	0	0	0	0	true	1000056745	false	0	false	0	false	0
805307699	4	0	1	0	0	0	0	0	0	0	0	0	0	0	0	0	0	0	7460	0	0	0	0	0	0	0	0	0	0	0	0	0	0	0	0	0	0	0	0	0	0	0	0	0	0	0	0	0	0	0	0	0	0	0	0	0	10920	872415518	0	false	false	0	0	0	0	true	1000056745	false	0	false	0	false	0
805307700	0	0	1	0	0	0	0	0	0	0	0	0	0	0	0	0	0	0	0	0	0	0	0	23131	0	0	0	0	0	0	0	0	0	0	0	0	0	0	0	0	0	0	0	0	0	0	0	0	0	0	0	0	0	0	0	0	10920	872415518	0	true	false	0	0	0	0	true	1000056745	false	0	false	0	false	0
805307701	1	0	1	0	0	0	0	0	0	0	0	0	0	0	0	0	0	0	0	0	0	0	0	5419	0	0	0	0	0	0	0	0	0	0	0	0	0	0	0	0	0	0	0	0	0	0	0	0	0	0	0	0	0	0	0	0	10920	872415518	0	false	false	0	0	0	0	true	1000056745	false	0	false	0	false	0
805307702	2	0	1	0	0	0	0	0	0	0	0	0	0	0	0	0	0	0	0	0	0	0	0	5422	0	0	0	0	0	0	0	0	0	0	0	0	0	0	0	0	0	0	0	0	0	0	0	0	0	0	0	0	0	0	0	0	10920	872415518	0	false	false	0	0	0	0	true	1000056745	false	0	false	0	false	0
805307703	3	0	1	0	0	0	0	0	0	0	0	0	0	0	0	0	0	0	0	0	0	0	0	5421	0	0	0	0	0	0	0	0	0	0	0	0	0	0	0	0	0	0	0	0	0	0	0	0	0	0	0	0	0	0	0	0	10920	872415518	0	false	false	0	0	0	0	true	1000056745	false	0	false	0	false	0
805307704	4	0	1	0	0	0	0	0	0	0	0	0	0	0	0	0	0	0	0	0	0	0	0	5420	0	0	0	0	0	0	0	0	0	0	0	0	0	0	0	0	0	0	0	0	0	0	0	0	0	0	0	0	0	0	0	0	10920	872415518	0	false	false	0	0	0	0	true	1000056745	false	0	false	0	false	0
805307705	0	0	1	0	0	0	0	0	0	0	0	0	0	0	0	0	0	0	0	0	0	0	0	0	0	0	0	0	23131	0	0	0	0	23131	0	0	0	0	0	0	0	0	0	0	0	0	0	0	0	0	0	0	0	0	0	0	10920	872415518	0	true	false	0	0	0	0	true	1000056745	false	0	false	0	false	0
805307706	1	0	1	0	0	0	0	0	0	0	0	0	0	0	0	0	0	0	0	0	0	0	0	0	0	0	0	0	17600	0	0	0	0	0	0	0	0	0	0	0	0	0	0	0	0	0	0	0	0	0	0	0	0	0	0	0	10920	872415518	0	false	false	0	0	0	0	true	1000056745	false	0	false	0	false	0
805307707	2	0	1	0	0	0	0	0	0	0	0	0	0	0	0	0	0	0	0	0	0	0	0	0	0	0	0	0	17603	0	0	0	0	0	0	0	0	0	0	0	0	0	0	0	0	0	0	0	0	0	0	0	0	0	0	0	10920	872415518	0	false	false	0	0	0	0	true	1000056745	false	0	false	0	false	0
805307708	3	0	1	0	0	0	0	0	0	0	0	0	0	0	0	0	0	0	0	0	0	0	0	0	0	0	0	0	18705	0	0	0	0	0	0	0	0	0	0	0	0	0	0	0	0	0	0	0	0	0	0	0	0	0	0	0	10920	872415518	0	false	false	0	0	0	0	true	1000056745	false	0	false	0	false	0
805307709	4	0	1	0	0	0	0	0	0	0	0	0	0	0	0	0	0	0	0	0	0	0	0	0	0	0	0	0	17601	0	0	0	0	0	0	0	0	0	0	0	0	0	0	0	0	0	0	0	0	0	0	0	0	0	0	0	10920	872415518	0	false	false	0	0	0	0	true	1000056745	false	0	false	0	false	0
805307712	0	0	1	22800	0	23132	0	0	22803	0	23134	0	0	22806	0	23136	0	0	22809	0	23138	0	0	22812	0	23140	0	0	22815	0	23142	0	0	33560	0	33562	0	0	22803	0	23134	0	0	0	0	0	0	0	0	0	0	0	0	0	0	1	10920	0	0	false	true	0	0	0	0	false	0	false	0	false	0	false	0
805307713	0	0	1	22513	0	0	0	0	22509	0	0	0	0	22512	0	0	0	0	22510	0	0	0	0	22508	0	0	0	0	22511	0	0	0	0	27096	0	0	0	0	22509	0	0	0	0	44157	0	0	0	0	0	0	0	0	0	0	0	1	10920	0	0	false	true	0	0	0	0	false	0	false	0	false	0	false	0
805307739	0	0	1	22798	0	23133	0	0	22801	0	23135	0	0	22804	0	23137	0	0	22807	0	23139	0	0	22810	0	23141	0	0	22813	0	23143	0	0	0	0	0	0	0	0	0	0	0	0	0	0	0	0	0	0	0	0	0	0	0	0	1	10920	0	0	false	true	0	0	0	0	false	0	false	0	false	0	false	0
805307740	0	0	1	22799	0	0	0	0	22802	0	0	0	0	22805	0	0	0	0	22808	0	0	0	0	22811	0	0	0	0	22814	0	0	0	0	0	0	0	0	0	0	0	0	0	0	0	0	0	0	0	0	0	0	0	0	0	0	0	10920	0	0	false	false	0	0	0	0	false	0	false	0	false	0	false	0
805307741	0	0	1	22800	0	23132	0	0	22803	0	23134	0	0	22806	0	23136	0	0	22809	0	23138	0	0	22812	0	23140	0	0	22815	0	23142	0	0	0	0	0	0	0	0	0	0	0	0	0	0	0	0	0	0	0	0	0	0	0	0	1	10920	0	0	false	true	0	0	0	0	false	0	false	0	false	0	false	0
805307756	9	0	1	6328	6327	6326	0	0	6328	6327	6326	0	0	6328	6327	6326	0	0	6328	6327	6326	0	0	6328	6327	6326	0	0	6328	6327	6326	0	0	6328	6327	6326	0	0	6328	6327	6326	0	0	6328	6327	6326	0	0	6328	6327	6326	0	0	0	0	0	10920	0	0	false	false	0	0	0	0	false	0	false	0	false	0	false	0
805307775	0	0	1	6514	6513	23459	0	0	6505	6504	23463	0	0	6511	6510	23460	0	0	6508	6507	23462	0	0	6502	6501	23464	0	0	17535	17549	23461	0	0	0	0	0	0	0	0	0	0	0	0	0	0	0	0	0	0	0	0	0	0	0	0	0	10920	17302784	0	true	false	0	0	0	0	true	1000010032	false	0	false	0	false	0
805307776	0	0	1	6544	6543	23453	0	0	6535	6534	23457	0	0	6541	6540	23454	0	0	6538	6537	23456	0	0	6532	6531	23458	0	0	17537	17551	23455	0	0	0	0	0	0	0	0	0	0	0	0	0	0	0	0	0	0	0	0	0	0	0	0	0	10920	17302784	0	true	false	0	0	0	0	true	1000010032	false	0	false	0	false	0
805307777	0	0	1	6564	6562	23447	0	0	6552	6550	23451	0	0	6560	6558	23448	0	0	6556	6554	23450	0	0	6548	6546	23452	0	0	17539	17552	23449	0	0	0	0	0	0	0	0	0	0	0	0	0	0	0	0	0	0	0	0	0	0	0	0	0	10920	17302784	0	true	false	0	0	0	0	true	1000010032	false	0	false	0	false	0
805307787	0	0	1	22799	0	0	0	0	22802	0	0	0	0	22805	0	0	0	0	22808	0	0	0	0	22811	0	0	0	0	22814	0	0	0	0	0	0	0	0	0	0	0	0	0	0	0	0	0	0	0	0	0	0	0	0	0	0	0	10920	17302784	0	false	false	0	0	0	0	true	1000010032	false	0	false	0	false	0
805307794	0	0	1	23529	0	0	0	0	23525	0	0	0	0	23527	0	0	0	0	23526	0	0	0	0	23524	0	0	0	0	23528	0	0	0	0	0	0	0	0	0	0	0	0	0	0	0	0	0	0	0	0	0	0	0	0	0	0	1	10920	0	0	false	true	0	0	0	0	false	0	false	0	false	0	false	0
805307872	0	0	1	23342	0	0	0	0	23339	0	0	0	0	23348	0	0	0	0	23351	0	0	0	0	23345	0	0	0	0	23354	0	0	0	0	27972	0	0	0	0	0	0	0	0	0	0	0	0	0	0	0	0	0	0	0	0	0	2	10920	0	0	false	true	0	0	0	0	false	0	false	0	false	0	false	0
805307875	0	0	1	24096	0	0	0	0	24097	0	0	0	0	24098	0	0	0	0	24099	0	0	0	0	24100	0	0	0	0	24101	0	0	0	0	0	0	0	0	0	0	0	0	0	0	0	0	0	0	0	0	0	0	0	0	0	0	0	10920	0	0	true	false	0	0	0	0	false	0	false	0	false	0	false	0
805307876	9	0	1	24102	22141	22142	0	0	24102	22141	22142	0	0	24102	22141	22142	0	0	24102	22141	22142	0	0	24102	22141	22142	0	0	24102	22141	22142	0	0	24102	22141	22142	0	0	24102	22141	22142	0	0	0	0	0	0	0	0	0	0	0	0	0	0	0	10920	0	0	false	false	0	0	0	0	false	0	false	0	false	0	false	0
805307877	10	0	1	24104	22144	22145	0	0	24104	22144	22145	0	0	24104	22144	22145	0	0	24104	22144	22145	0	0	24104	22144	22145	0	0	24104	22144	22145	0	0	24104	22144	22145	0	0	24104	22144	22145	0	0	0	0	0	0	0	0	0	0	0	0	0	0	0	10920	0	0	false	false	0	0	0	0	false	0	false	0	false	0	false	0
805307951	0	0	1	18936	0	0	0	0	18940	0	0	0	0	18944	0	0	0	0	18948	0	0	0	0	18952	0	0	0	0	18956	0	0	0	0	25497	0	0	0	0	0	0	0	0	0	0	0	0	0	0	0	0	0	0	0	0	0	1	10920	0	0	false	false	0	0	0	0	false	0	false	0	false	0	false	0
805307985	0	0	1	25013	0	0	0	0	25014	0	0	0	0	25015	0	0	0	0	25016	0	0	0	0	25017	0	0	0	0	25018	0	0	0	0	0	0	0	0	0	0	0	0	0	0	0	0	0	0	0	0	0	0	0	0	0	0	0	10920	0	0	false	false	0	0	0	0	false	0	false	0	false	0	false	0
805307988	0	0	1	25019	0	0	0	0	25020	0	0	0	0	25021	0	0	0	0	25022	0	0	0	0	25023	0	0	0	0	25024	0	0	0	0	0	0	0	0	0	0	0	0	0	0	0	0	0	0	0	0	0	0	0	0	0	0	0	10920	0	0	false	true	0	0	0	0	false	0	false	0	false	0	false	0
805308016	0	0	1	0	0	0	0	0	0	0	0	0	0	0	0	0	0	0	0	0	0	0	0	0	0	0	0	0	0	0	0	0	0	25445	0	0	0	0	0	0	0	0	0	0	0	0	0	0	0	0	0	0	0	0	0	0	10920	872415633	0	false	false	0	0	0	0	true	1000100198	false	0	false	0	false	0
805308017	1	0	1	0	0	0	0	0	0	0	0	0	0	0	0	0	0	0	0	0	0	0	0	0	0	0	0	0	0	0	0	0	0	25446	0	0	0	0	0	0	0	0	0	0	0	0	0	0	0	0	0	0	0	0	0	0	10920	872415633	0	false	true	0	0	0	0	true	1000100198	false	0	false	0	false	0
805308018	2	0	1	0	0	0	0	0	0	0	0	0	0	0	0	0	0	0	0	0	0	0	0	0	0	0	0	0	0	0	0	0	0	25447	0	0	0	0	0	0	0	0	0	0	0	0	0	0	0	0	0	0	0	0	0	0	10920	872415633	0	false	false	0	0	0	0	true	1000100198	false	0	false	0	false	0
805308019	3	0	1	0	0	0	0	0	0	0	0	0	0	0	0	0	0	0	0	0	0	0	0	0	0	0	0	0	0	0	0	0	0	25448	0	0	0	0	0	0	0	0	0	0	0	0	0	0	0	0	0	0	0	0	0	0	10920	872415633	0	false	false	0	0	0	0	true	1000100198	false	0	false	0	false	0
805308020	4	0	1	0	0	0	0	0	0	0	0	0	0	0	0	0	0	0	0	0	0	0	0	0	0	0	0	0	0	0	0	0	0	25449	0	0	0	0	0	0	0	0	0	0	0	0	0	0	0	0	0	0	0	0	0	0	10920	872415633	0	false	false	0	0	0	0	true	1000100198	false	0	false	0	false	0
805308021	9	0	1	0	0	0	0	0	0	0	0	0	0	0	0	0	0	0	0	0	0	0	0	0	0	0	0	0	0	0	0	0	0	25450	25438	25439	0	0	0	0	0	0	0	0	0	0	0	0	0	0	0	0	0	0	0	0	10920	872415633	0	false	false	0	0	0	0	true	1000100198	false	0	false	0	false	0
805308065	9	0	1	26014	0	0	0	0	26014	0	0	0	0	26014	0	0	0	0	26014	0	0	0	0	26014	0	0	0	0	26014	0	0	0	0	26014	0	0	0	0	26014	0	0	0	0	0	0	0	0	0	0	0	0	0	0	0	0	0	10920	0	0	false	false	0	0	0	0	false	0	false	0	false	0	false	0
805308066	9	0	1	26014	0	0	0	0	26014	0	0	0	0	26014	0	0	0	0	26014	0	0	0	0	26014	0	0	0	0	26014	0	0	0	0	26014	0	0	0	0	26014	0	0	0	0	0	0	0	0	0	0	0	0	0	0	0	0	0	10920	0	0	false	false	0	0	0	0	false	0	false	0	false	0	false	0
805308067	0	0	1	25989	0	25996	0	0	25990	0	25997	0	0	25991	0	25998	0	0	25992	0	25999	0	0	25993	0	26000	0	0	25994	0	26001	0	0	25995	0	26002	0	0	0	0	0	0	0	0	0	0	0	0	0	0	0	0	0	0	0	2	10920	17302784	0	true	false	0	0	0	0	true	1000010032	false	0	false	0	false	0
805308128	1	0	0	25680	0	0	0	0	0	0	0	0	0	0	0	0	0	0	0	0	0	0	0	0	0	0	0	0	0	0	0	0	0	0	0	0	0	0	0	0	0	0	0	0	0	0	0	0	0	0	0	0	0	0	0	0	10920	0	0	false	true	2	3	4	0	false	0	false	0	false	0	false	0
805308129	1	0	0	0	0	0	0	0	25701	0	0	0	0	0	0	0	0	0	0	0	0	0	0	0	0	0	0	0	0	0	0	0	0	0	0	0	0	0	0	0	0	0	0	0	0	0	0	0	0	0	0	0	0	0	0	0	10920	0	0	false	true	2	3	4	0	false	0	false	0	false	0	false	0
805308130	1	0	0	0	0	0	0	0	0	0	0	0	0	25684	0	0	0	0	0	0	0	0	0	0	0	0	0	0	0	0	0	0	0	0	0	0	0	0	0	0	0	0	0	0	0	0	0	0	0	0	0	0	0	0	0	0	10920	0	0	false	true	2	3	4	0	false	0	false	0	false	0	false	0
805308131	1	0	0	0	0	0	0	0	0	0	0	0	0	0	0	0	0	0	25686	0	0	0	0	0	0	0	0	0	0	0	0	0	0	0	0	0	0	0	0	0	0	0	0	0	0	0	0	0	0	0	0	0	0	0	0	0	10920	0	0	false	true	2	3	4	0	false	0	false	0	false	0	false	0
805308132	1	0	0	0	0	0	0	0	0	0	0	0	0	0	0	0	0	0	0	0	0	0	0	25688	0	0	0	0	0	0	0	0	0	0	0	0	0	0	0	0	0	0	0	0	0	0	0	0	0	0	0	0	0	0	0	0	10920	0	0	false	true	2	3	4	0	false	0	false	0	false	0	false	0
805308133	1	0	0	0	0	0	0	0	0	0	0	0	0	0	0	0	0	0	0	0	0	0	0	0	0	0	0	0	25690	0	0	0	0	0	0	0	0	0	0	0	0	0	0	0	0	0	0	0	0	0	0	0	0	0	0	0	10920	0	0	false	true	2	3	4	0	false	0	false	0	false	0	false	0
805308134	1	0	0	0	0	0	0	0	0	0	0	0	0	0	0	0	0	0	0	0	0	0	0	0	0	0	0	0	0	0	0	0	0	25793	0	0	0	0	0	0	0	0	0	0	0	0	0	0	0	0	0	0	0	0	0	0	10920	0	0	false	true	2	3	4	0	false	0	false	0	false	0	false	0
805308250	12	0	1	26043	20361	26044	0	0	26043	20361	26044	0	0	26043	20361	26044	0	0	26043	20361	26044	0	0	26043	20361	26044	0	0	26043	20361	26044	0	0	26043	20361	26044	0	0	26043	20361	26044	0	0	26043	20361	26044	0	0	26043	20361	26044	0	0	0	0	0	10920	0	0	false	false	0	0	0	0	false	0	false	0	false	0	false	0
805308270	0	0	1	8656	0	0	0	0	5729	0	0	0	0	7847	0	0	0	0	6962	0	0	0	0	14153	0	0	0	0	20365	0	0	0	0	26199	0	0	0	0	0	0	0	0	0	0	0	0	0	0	0	0	0	0	0	0	0	1	10920	0	0	false	true	0	0	0	0	false	0	false	0	false	0	false	0
805308271	0	0	1	8657	0	0	0	0	5730	0	0	0	0	7848	0	0	0	0	6963	0	0	0	0	14154	0	0	0	0	20363	0	0	0	0	26200	0	0	0	0	0	0	0	0	0	0	0	0	0	0	0	0	0	0	0	0	0	1	10920	0	0	false	true	0	0	0	0	false	0	false	0	false	0	false	0
805308272	0	0	1	8654	0	0	0	0	5727	0	0	0	0	7845	0	0	0	0	6960	0	0	0	0	14155	0	0	0	0	20364	0	0	0	0	26198	0	0	0	0	0	0	0	0	0	0	0	0	0	0	0	0	0	0	0	0	0	1	10920	0	0	false	true	0	0	0	0	false	0	false	0	false	0	false	0
805308273	0	0	1	8655	0	0	0	0	5728	0	0	0	0	7846	0	0	0	0	6961	0	0	0	0	14156	0	0	0	0	20366	0	0	0	0	26197	0	0	0	0	0	0	0	0	0	0	0	0	0	0	0	0	0	0	0	0	0	1	10920	0	0	false	true	0	0	0	0	false	0	false	0	false	0	false	0
805308281	0	0	1	26370	0	0	0	0	0	0	0	0	0	0	0	0	0	0	26367	0	0	0	0	0	0	0	0	0	0	0	0	0	0	0	0	0	0	0	0	0	0	0	0	0	0	0	0	0	0	0	0	0	0	0	0	1	10920	0	0	false	false	0	0	0	0	false	0	false	0	false	0	false	0
805308297	0	0	1	0	0	0	0	0	26365	0	0	0	0	26369	0	0	0	0	0	0	0	0	0	26364	0	0	0	0	26368	0	0	0	0	26366	0	0	0	0	0	0	0	0	0	0	0	0	0	0	0	0	0	0	0	0	0	0	10920	0	0	false	false	0	0	0	0	false	0	false	0	false	0	false	0
805308300	12	0	1	26043	20361	26044	0	0	26043	20361	26044	0	0	26043	20361	26044	0	0	26043	20361	26044	0	0	26043	20361	26044	0	0	26043	20361	26044	0	0	26043	20361	26044	0	0	26043	20361	26044	0	0	0	0	0	0	0	0	0	0	0	0	0	0	0	10920	0	0	false	false	0	0	0	0	false	0	false	0	false	0	false	0
805308307	0	0	1	26784	0	26777	0	0	26779	0	26772	0	0	26783	0	26776	0	0	26781	0	26774	0	0	26778	0	26771	0	0	26782	0	26775	0	0	26780	0	26773	0	0	26779	0	26772	0	0	43127	0	43132	0	0	0	0	0	0	0	0	0	0	10920	0	0	true	false	0	0	0	0	false	0	false	0	false	0	false	0
805308308	0	0	1	26791	0	27587	0	0	26786	0	27588	0	0	26790	0	27589	0	0	26788	0	27590	0	0	26785	0	27591	0	0	26789	0	27592	0	0	26787	0	27593	0	0	26786	0	27588	0	0	43136	0	43133	0	0	0	0	0	0	0	0	0	0	10920	0	0	true	false	0	0	0	0	false	0	false	0	false	0	false	0
805308309	0	0	1	26792	0	0	0	0	26793	0	0	0	0	26794	0	0	0	0	26795	0	0	0	0	26796	0	0	0	0	26797	0	0	0	0	26798	0	0	0	0	0	0	0	0	0	0	0	0	0	0	0	0	0	0	0	0	0	1	10920	0	0	false	false	0	0	0	0	false	0	false	0	false	0	false	0
805308311	9	0	1	27054	7505	7504	0	0	0	0	0	0	0	0	0	0	0	0	0	0	0	0	0	0	0	0	0	0	0	0	0	0	0	0	0	0	0	0	0	0	0	0	0	0	0	0	0	0	0	0	0	0	0	0	0	0	10920	0	0	false	false	0	0	0	0	false	0	false	0	false	0	false	0
805308312	9	0	1	0	0	0	0	0	27052	7496	7495	0	0	0	0	0	0	0	0	0	0	0	0	0	0	0	0	0	0	0	0	0	0	0	0	0	0	0	0	0	0	0	0	0	0	0	0	0	0	0	0	0	0	0	0	0	10920	0	0	false	false	0	0	0	0	false	0	false	0	false	0	false	0
805308313	9	0	1	0	0	0	0	0	0	0	0	0	0	27055	7502	7501	0	0	0	0	0	0	0	0	0	0	0	0	0	0	0	0	0	0	0	0	0	0	0	0	0	0	0	0	0	0	0	0	0	0	0	0	0	0	0	0	10920	0	0	false	false	0	0	0	0	false	0	false	0	false	0	false	0
805308314	9	0	1	0	0	0	0	0	0	0	0	0	0	0	0	0	0	0	27056	7499	7498	0	0	0	0	0	0	0	0	0	0	0	0	0	0	0	0	0	0	0	0	0	0	0	0	0	0	0	0	0	0	0	0	0	0	0	10920	0	0	false	false	0	0	0	0	false	0	false	0	false	0	false	0
805308315	9	0	1	0	0	0	0	0	0	0	0	0	0	0	0	0	0	0	0	0	0	0	0	27051	7493	7492	0	0	0	0	0	0	0	0	0	0	0	0	0	0	0	0	0	0	0	0	0	0	0	0	0	0	0	0	0	0	10920	0	0	false	false	0	0	0	0	false	0	false	0	false	0	false	0
805308316	9	0	1	0	0	0	0	0	0	0	0	0	0	0	0	0	0	0	0	0	0	0	0	0	0	0	0	0	27057	18837	18836	0	0	0	0	0	0	0	0	0	0	0	0	0	0	0	0	0	0	0	0	0	0	0	0	0	10920	0	0	false	false	0	0	0	0	false	0	false	0	false	0	false	0
805308317	9	0	1	0	0	0	0	0	0	0	0	0	0	0	0	0	0	0	0	0	0	0	0	0	0	0	0	0	0	0	0	0	0	27053	25438	25439	0	0	0	0	0	0	0	0	0	0	0	0	0	0	0	0	0	0	0	0	10920	0	0	false	false	0	0	0	0	false	0	false	0	false	0	false	0
805308318	9	0	1	27068	7505	7504	0	0	0	0	0	0	0	0	0	0	0	0	0	0	0	0	0	0	0	0	0	0	0	0	0	0	0	0	0	0	0	0	0	0	0	0	0	0	0	0	0	0	0	0	0	0	0	0	0	0	10920	0	0	false	false	0	0	0	0	false	0	false	0	false	0	false	0
805308319	9	0	1	0	0	0	0	0	27066	7496	7495	0	0	0	0	0	0	0	0	0	0	0	0	0	0	0	0	0	0	0	0	0	0	0	0	0	0	0	0	0	0	0	0	0	0	0	0	0	0	0	0	0	0	0	0	0	10920	0	0	false	false	0	0	0	0	false	0	false	0	false	0	false	0
805308320	9	0	1	0	0	0	0	0	0	0	0	0	0	27069	7502	7501	0	0	0	0	0	0	0	0	0	0	0	0	0	0	0	0	0	0	0	0	0	0	0	0	0	0	0	0	0	0	0	0	0	0	0	0	0	0	0	0	10920	0	0	false	false	0	0	0	0	false	0	false	0	false	0	false	0
805308321	9	0	1	0	0	0	0	0	0	0	0	0	0	0	0	0	0	0	27070	7499	7498	0	0	0	0	0	0	0	0	0	0	0	0	0	0	0	0	0	0	0	0	0	0	0	0	0	0	0	0	0	0	0	0	0	0	0	10920	0	0	false	false	0	0	0	0	false	0	false	0	false	0	false	0
805308322	9	0	1	0	0	0	0	0	0	0	0	0	0	0	0	0	0	0	0	0	0	0	0	27065	7493	7492	0	0	0	0	0	0	0	0	0	0	0	0	0	0	0	0	0	0	0	0	0	0	0	0	0	0	0	0	0	0	10920	0	0	false	false	0	0	0	0	false	0	false	0	false	0	false	0
805308323	9	0	1	0	0	0	0	0	0	0	0	0	0	0	0	0	0	0	0	0	0	0	0	0	0	0	0	0	27071	18837	18836	0	0	0	0	0	0	0	0	0	0	0	0	0	0	0	0	0	0	0	0	0	0	0	0	0	10920	0	0	false	false	0	0	0	0	false	0	false	0	false	0	false	0
805308324	9	0	1	0	0	0	0	0	0	0	0	0	0	0	0	0	0	0	0	0	0	0	0	0	0	0	0	0	0	0	0	0	0	27067	25438	25439	0	0	0	0	0	0	0	0	0	0	0	0	0	0	0	0	0	0	0	0	10920	0	0	false	false	0	0	0	0	false	0	false	0	false	0	false	0
805308325	9	0	1	27061	7505	7504	0	0	0	0	0	0	0	0	0	0	0	0	0	0	0	0	0	0	0	0	0	0	0	0	0	0	0	0	0	0	0	0	0	0	0	0	0	0	0	0	0	0	0	0	0	0	0	0	0	0	10920	0	0	false	false	0	0	0	0	false	0	false	0	false	0	false	0
805308326	9	0	1	0	0	0	0	0	27059	7496	7495	0	0	0	0	0	0	0	0	0	0	0	0	0	0	0	0	0	0	0	0	0	0	0	0	0	0	0	0	0	0	0	0	0	0	0	0	0	0	0	0	0	0	0	0	0	10920	0	0	false	false	0	0	0	0	false	0	false	0	false	0	false	0
805308327	9	0	1	0	0	0	0	0	0	0	0	0	0	27062	7502	7501	0	0	0	0	0	0	0	0	0	0	0	0	0	0	0	0	0	0	0	0	0	0	0	0	0	0	0	0	0	0	0	0	0	0	0	0	0	0	0	0	10920	0	0	false	false	0	0	0	0	false	0	false	0	false	0	false	0
805308328	9	0	1	0	0	0	0	0	0	0	0	0	0	0	0	0	0	0	27063	7499	7498	0	0	0	0	0	0	0	0	0	0	0	0	0	0	0	0	0	0	0	0	0	0	0	0	0	0	0	0	0	0	0	0	0	0	0	10920	0	0	false	false	0	0	0	0	false	0	false	0	false	0	false	0
805308329	9	0	1	0	0	0	0	0	0	0	0	0	0	0	0	0	0	0	0	0	0	0	0	27058	7493	7492	0	0	0	0	0	0	0	0	0	0	0	0	0	0	0	0	0	0	0	0	0	0	0	0	0	0	0	0	0	0	10920	0	0	false	false	0	0	0	0	false	0	false	0	false	0	false	0
805308330	9	0	1	0	0	0	0	0	0	0	0	0	0	0	0	0	0	0	0	0	0	0	0	0	0	0	0	0	27064	18837	18836	0	0	0	0	0	0	0	0	0	0	0	0	0	0	0	0	0	0	0	0	0	0	0	0	0	10920	0	0	false	false	0	0	0	0	false	0	false	0	false	0	false	0
805308331	9	0	1	0	0	0	0	0	0	0	0	0	0	0	0	0	0	0	0	0	0	0	0	0	0	0	0	0	0	0	0	0	0	27060	25438	25439	0	0	0	0	0	0	0	0	0	0	0	0	0	0	0	0	0	0	0	0	10920	0	0	false	false	0	0	0	0	false	0	false	0	false	0	false	0
805308332	9	0	1	27075	7505	7504	0	0	0	0	0	0	0	0	0	0	0	0	0	0	0	0	0	0	0	0	0	0	0	0	0	0	0	0	0	0	0	0	0	0	0	0	0	0	0	0	0	0	0	0	0	0	0	0	0	0	10920	0	0	false	false	0	0	0	0	false	0	false	0	false	0	false	0
805308333	9	0	1	0	0	0	0	0	27073	7496	7495	0	0	0	0	0	0	0	0	0	0	0	0	0	0	0	0	0	0	0	0	0	0	0	0	0	0	0	0	0	0	0	0	0	0	0	0	0	0	0	0	0	0	0	0	0	10920	0	0	false	false	0	0	0	0	false	0	false	0	false	0	false	0
805308334	9	0	1	0	0	0	0	0	0	0	0	0	0	27076	7502	7501	0	0	0	0	0	0	0	0	0	0	0	0	0	0	0	0	0	0	0	0	0	0	0	0	0	0	0	0	0	0	0	0	0	0	0	0	0	0	0	0	10920	0	0	false	false	0	0	0	0	false	0	false	0	false	0	false	0
805308335	9	0	1	0	0	0	0	0	0	0	0	0	0	0	0	0	0	0	27077	7499	7498	0	0	0	0	0	0	0	0	0	0	0	0	0	0	0	0	0	0	0	0	0	0	0	0	0	0	0	0	0	0	0	0	0	0	0	10920	0	0	false	false	0	0	0	0	false	0	false	0	false	0	false	0
805308336	9	0	1	0	0	0	0	0	0	0	0	0	0	0	0	0	0	0	0	0	0	0	0	27072	7493	7492	0	0	0	0	0	0	0	0	0	0	0	0	0	0	0	0	0	0	0	0	0	0	0	0	0	0	0	0	0	0	10920	0	0	false	false	0	0	0	0	false	0	false	0	false	0	false	0
805308337	9	0	1	0	0	0	0	0	0	0	0	0	0	0	0	0	0	0	0	0	0	0	0	0	0	0	0	0	27078	18837	18836	0	0	0	0	0	0	0	0	0	0	0	0	0	0	0	0	0	0	0	0	0	0	0	0	0	10920	0	0	false	false	0	0	0	0	false	0	false	0	false	0	false	0
805308338	9	0	1	0	0	0	0	0	0	0	0	0	0	0	0	0	0	0	0	0	0	0	0	0	0	0	0	0	0	0	0	0	0	27074	25438	25439	0	0	0	0	0	0	0	0	0	0	0	0	0	0	0	0	0	0	0	0	10920	0	0	false	false	0	0	0	0	false	0	false	0	false	0	false	0
805308339	9	0	1	27082	7505	7504	0	0	0	0	0	0	0	0	0	0	0	0	0	0	0	0	0	0	0	0	0	0	0	0	0	0	0	0	0	0	0	0	0	0	0	0	0	0	0	0	0	0	0	0	0	0	0	0	0	0	10920	0	0	false	false	0	0	0	0	false	0	false	0	false	0	false	0
805308340	9	0	1	0	0	0	0	0	27080	7496	7495	0	0	0	0	0	0	0	0	0	0	0	0	0	0	0	0	0	0	0	0	0	0	0	0	0	0	0	0	0	0	0	0	0	0	0	0	0	0	0	0	0	0	0	0	0	10920	0	0	false	false	0	0	0	0	false	0	false	0	false	0	false	0
805308341	9	0	1	0	0	0	0	0	0	0	0	0	0	27083	7502	7501	0	0	0	0	0	0	0	0	0	0	0	0	0	0	0	0	0	0	0	0	0	0	0	0	0	0	0	0	0	0	0	0	0	0	0	0	0	0	0	0	10920	0	0	false	false	0	0	0	0	false	0	false	0	false	0	false	0
805308342	9	0	1	0	0	0	0	0	0	0	0	0	0	0	0	0	0	0	27084	7499	7498	0	0	0	0	0	0	0	0	0	0	0	0	0	0	0	0	0	0	0	0	0	0	0	0	0	0	0	0	0	0	0	0	0	0	0	10920	0	0	false	false	0	0	0	0	false	0	false	0	false	0	false	0
805308343	9	0	1	0	0	0	0	0	0	0	0	0	0	0	0	0	0	0	0	0	0	0	0	27079	7493	7492	0	0	0	0	0	0	0	0	0	0	0	0	0	0	0	0	0	0	0	0	0	0	0	0	0	0	0	0	0	0	10920	0	0	false	false	0	0	0	0	false	0	false	0	false	0	false	0
805308344	9	0	1	0	0	0	0	0	0	0	0	0	0	0	0	0	0	0	0	0	0	0	0	0	0	0	0	0	27085	18837	18836	0	0	0	0	0	0	0	0	0	0	0	0	0	0	0	0	0	0	0	0	0	0	0	0	0	10920	0	0	false	false	0	0	0	0	false	0	false	0	false	0	false	0
805308345	9	0	1	0	0	0	0	0	0	0	0	0	0	0	0	0	0	0	0	0	0	0	0	0	0	0	0	0	0	0	0	0	0	27081	25438	25439	0	0	0	0	0	0	0	0	0	0	0	0	0	0	0	0	0	0	0	0	10920	0	0	false	false	0	0	0	0	false	0	false	0	false	0	false	0
805308346	9	0	1	27100	7505	7504	0	0	0	0	0	0	0	0	0	0	0	0	0	0	0	0	0	0	0	0	0	0	0	0	0	0	0	0	0	0	0	0	0	0	0	0	0	0	0	0	0	0	0	0	0	0	0	0	0	0	10920	0	0	false	false	0	0	0	0	false	0	false	0	false	0	false	0
805308347	9	0	1	0	0	0	0	0	27098	7496	7495	0	0	0	0	0	0	0	0	0	0	0	0	0	0	0	0	0	0	0	0	0	0	0	0	0	0	0	0	0	0	0	0	0	0	0	0	0	0	0	0	0	0	0	0	0	10920	0	0	false	false	0	0	0	0	false	0	false	0	false	0	false	0
805308348	9	0	1	0	0	0	0	0	0	0	0	0	0	27101	7502	7501	0	0	0	0	0	0	0	0	0	0	0	0	0	0	0	0	0	0	0	0	0	0	0	0	0	0	0	0	0	0	0	0	0	0	0	0	0	0	0	0	10920	0	0	false	false	0	0	0	0	false	0	false	0	false	0	false	0
805308349	9	0	1	0	0	0	0	0	0	0	0	0	0	0	0	0	0	0	27102	7499	7498	0	0	0	0	0	0	0	0	0	0	0	0	0	0	0	0	0	0	0	0	0	0	0	0	0	0	0	0	0	0	0	0	0	0	0	10920	0	0	false	false	0	0	0	0	false	0	false	0	false	0	false	0
805308350	9	0	1	0	0	0	0	0	0	0	0	0	0	0	0	0	0	0	0	0	0	0	0	27097	7493	7492	0	0	0	0	0	0	0	0	0	0	0	0	0	0	0	0	0	0	0	0	0	0	0	0	0	0	0	0	0	0	10920	0	0	false	false	0	0	0	0	false	0	false	0	false	0	false	0
805308351	9	0	1	0	0	0	0	0	0	0	0	0	0	0	0	0	0	0	0	0	0	0	0	0	0	0	0	0	27103	18837	18836	0	0	0	0	0	0	0	0	0	0	0	0	0	0	0	0	0	0	0	0	0	0	0	0	0	10920	0	0	false	false	0	0	0	0	false	0	false	0	false	0	false	0
805308352	9	0	1	0	0	0	0	0	0	0	0	0	0	0	0	0	0	0	0	0	0	0	0	0	0	0	0	0	0	0	0	0	0	27099	25438	25439	0	0	0	0	0	0	0	0	0	0	0	0	0	0	0	0	0	0	0	0	10920	0	0	false	false	0	0	0	0	false	0	false	0	false	0	false	0
805308353	0	0	1	8630	0	0	0	0	0	0	0	0	0	0	0	0	0	0	0	0	0	0	0	0	0	0	0	0	0	0	0	0	0	0	0	0	0	0	0	0	0	0	0	0	0	0	0	0	0	0	0	0	0	0	0	1	10920	0	0	false	false	0	0	0	0	false	0	false	0	false	0	false	0
805308354	1	0	1	8627	0	0	0	0	0	0	0	0	0	0	0	0	0	0	0	0	0	0	0	0	0	0	0	0	0	0	0	0	0	0	0	0	0	0	0	0	0	0	0	0	0	0	0	0	0	0	0	0	0	0	0	0	10920	0	0	false	false	0	0	0	0	false	0	false	0	false	0	false	0
805308355	2	0	1	8631	0	0	0	0	0	0	0	0	0	0	0	0	0	0	0	0	0	0	0	0	0	0	0	0	0	0	0	0	0	0	0	0	0	0	0	0	0	0	0	0	0	0	0	0	0	0	0	0	0	0	0	0	10920	0	0	false	false	0	0	0	0	false	0	false	0	false	0	false	0
805308356	3	0	1	8629	0	0	0	0	0	0	0	0	0	0	0	0	0	0	0	0	0	0	0	0	0	0	0	0	0	0	0	0	0	0	0	0	0	0	0	0	0	0	0	0	0	0	0	0	0	0	0	0	0	0	0	0	10920	0	0	false	false	0	0	0	0	false	0	false	0	false	0	false	0
805308357	4	0	1	8628	0	0	0	0	0	0	0	0	0	0	0	0	0	0	0	0	0	0	0	0	0	0	0	0	0	0	0	0	0	0	0	0	0	0	0	0	0	0	0	0	0	0	0	0	0	0	0	0	0	0	0	0	10920	0	0	false	false	0	0	0	0	false	0	false	0	false	0	false	0
805308358	0	0	1	0	0	0	0	0	5703	0	0	0	0	0	0	0	0	0	0	0	0	0	0	0	0	0	0	0	0	0	0	0	0	0	0	0	0	0	0	0	0	0	0	0	0	0	0	0	0	0	0	0	0	0	0	1	10920	0	0	false	false	0	0	0	0	false	0	false	0	false	0	false	0
805308359	1	0	1	0	0	0	0	0	5700	0	0	0	0	0	0	0	0	0	0	0	0	0	0	0	0	0	0	0	0	0	0	0	0	0	0	0	0	0	0	0	0	0	0	0	0	0	0	0	0	0	0	0	0	0	0	0	10920	0	0	false	false	0	0	0	0	false	0	false	0	false	0	false	0
805308360	2	0	1	0	0	0	0	0	5704	0	0	0	0	0	0	0	0	0	0	0	0	0	0	0	0	0	0	0	0	0	0	0	0	0	0	0	0	0	0	0	0	0	0	0	0	0	0	0	0	0	0	0	0	0	0	0	10920	0	0	false	false	0	0	0	0	false	0	false	0	false	0	false	0
805308361	3	0	1	0	0	0	0	0	5702	0	0	0	0	0	0	0	0	0	0	0	0	0	0	0	0	0	0	0	0	0	0	0	0	0	0	0	0	0	0	0	0	0	0	0	0	0	0	0	0	0	0	0	0	0	0	0	10920	0	0	false	false	0	0	0	0	false	0	false	0	false	0	false	0
805308362	4	0	1	0	0	0	0	0	5701	0	0	0	0	0	0	0	0	0	0	0	0	0	0	0	0	0	0	0	0	0	0	0	0	0	0	0	0	0	0	0	0	0	0	0	0	0	0	0	0	0	0	0	0	0	0	0	10920	0	0	false	false	0	0	0	0	false	0	false	0	false	0	false	0
805308363	0	0	1	0	0	0	0	0	0	0	0	0	0	7821	0	0	0	0	0	0	0	0	0	0	0	0	0	0	0	0	0	0	0	0	0	0	0	0	0	0	0	0	0	0	0	0	0	0	0	0	0	0	0	0	0	1	10920	0	0	false	false	0	0	0	0	false	0	false	0	false	0	false	0
805308364	1	0	1	0	0	0	0	0	0	0	0	0	0	7818	0	0	0	0	0	0	0	0	0	0	0	0	0	0	0	0	0	0	0	0	0	0	0	0	0	0	0	0	0	0	0	0	0	0	0	0	0	0	0	0	0	0	10920	0	0	false	false	0	0	0	0	false	0	false	0	false	0	false	0
805308365	2	0	1	0	0	0	0	0	0	0	0	0	0	7822	0	0	0	0	0	0	0	0	0	0	0	0	0	0	0	0	0	0	0	0	0	0	0	0	0	0	0	0	0	0	0	0	0	0	0	0	0	0	0	0	0	0	10920	0	0	false	false	0	0	0	0	false	0	false	0	false	0	false	0
805308366	3	0	1	0	0	0	0	0	0	0	0	0	0	7820	0	0	0	0	0	0	0	0	0	0	0	0	0	0	0	0	0	0	0	0	0	0	0	0	0	0	0	0	0	0	0	0	0	0	0	0	0	0	0	0	0	0	10920	0	0	false	false	0	0	0	0	false	0	false	0	false	0	false	0
805308367	4	0	1	0	0	0	0	0	0	0	0	0	0	7819	0	0	0	0	0	0	0	0	0	0	0	0	0	0	0	0	0	0	0	0	0	0	0	0	0	0	0	0	0	0	0	0	0	0	0	0	0	0	0	0	0	0	10920	0	0	false	false	0	0	0	0	false	0	false	0	false	0	false	0
805308368	0	0	1	0	0	0	0	0	0	0	0	0	0	0	0	0	0	0	6936	0	0	0	0	0	0	0	0	0	0	0	0	0	0	0	0	0	0	0	0	0	0	0	0	0	0	0	0	0	0	0	0	0	0	0	0	1	10920	0	0	false	false	0	0	0	0	false	0	false	0	false	0	false	0
805308369	1	0	1	0	0	0	0	0	0	0	0	0	0	0	0	0	0	0	6933	0	0	0	0	0	0	0	0	0	0	0	0	0	0	0	0	0	0	0	0	0	0	0	0	0	0	0	0	0	0	0	0	0	0	0	0	0	10920	0	0	false	false	0	0	0	0	false	0	false	0	false	0	false	0
805308370	2	0	1	0	0	0	0	0	0	0	0	0	0	0	0	0	0	0	6937	0	0	0	0	0	0	0	0	0	0	0	0	0	0	0	0	0	0	0	0	0	0	0	0	0	0	0	0	0	0	0	0	0	0	0	0	0	10920	0	0	false	false	0	0	0	0	false	0	false	0	false	0	false	0
805308371	3	0	1	0	0	0	0	0	0	0	0	0	0	0	0	0	0	0	6935	0	0	0	0	0	0	0	0	0	0	0	0	0	0	0	0	0	0	0	0	0	0	0	0	0	0	0	0	0	0	0	0	0	0	0	0	0	10920	0	0	false	false	0	0	0	0	false	0	false	0	false	0	false	0
805308372	4	0	1	0	0	0	0	0	0	0	0	0	0	0	0	0	0	0	6934	0	0	0	0	0	0	0	0	0	0	0	0	0	0	0	0	0	0	0	0	0	0	0	0	0	0	0	0	0	0	0	0	0	0	0	0	0	10920	0	0	false	false	0	0	0	0	false	0	false	0	false	0	false	0
805308373	0	0	1	0	0	0	0	0	0	0	0	0	0	0	0	0	0	0	6936	0	0	0	0	5347	0	0	0	0	0	0	0	0	0	0	0	0	0	0	0	0	0	0	0	0	0	0	0	0	0	0	0	0	0	0	0	1	10920	0	0	false	true	0	0	0	0	false	0	false	0	false	0	false	0
805308374	1	0	1	0	0	0	0	0	0	0	0	0	0	0	0	0	0	0	6933	0	0	0	0	5344	0	0	0	0	0	0	0	0	0	0	0	0	0	0	0	0	0	0	0	0	0	0	0	0	0	0	0	0	0	0	0	0	10920	0	0	false	false	0	0	0	0	false	0	false	0	false	0	false	0
805308375	2	0	1	0	0	0	0	0	0	0	0	0	0	0	0	0	0	0	6937	0	0	0	0	5348	0	0	0	0	0	0	0	0	0	0	0	0	0	0	0	0	0	0	0	0	0	0	0	0	0	0	0	0	0	0	0	0	10920	0	0	false	false	0	0	0	0	false	0	false	0	false	0	false	0
805308376	3	0	1	0	0	0	0	0	0	0	0	0	0	0	0	0	0	0	6935	0	0	0	0	5346	0	0	0	0	0	0	0	0	0	0	0	0	0	0	0	0	0	0	0	0	0	0	0	0	0	0	0	0	0	0	0	0	10920	0	0	false	false	0	0	0	0	false	0	false	0	false	0	false	0
805308377	4	0	1	0	0	0	0	0	0	0	0	0	0	0	0	0	0	0	6934	0	0	0	0	5345	0	0	0	0	0	0	0	0	0	0	0	0	0	0	0	0	0	0	0	0	0	0	0	0	0	0	0	0	0	0	0	0	10920	0	0	false	false	0	0	0	0	false	0	false	0	false	0	false	0
805308401	0	0	1	27454	0	0	0	0	27458	0	0	0	0	27462	0	0	0	0	27466	0	0	0	0	27470	0	0	0	0	27474	0	0	0	0	27478	0	0	0	0	27458	0	0	0	0	44161	0	0	0	0	0	0	0	0	0	0	0	1	10920	0	0	false	true	0	0	0	0	false	0	false	0	false	0	false	0
805308402	0	0	1	27455	0	0	0	0	27459	0	0	0	0	27463	0	0	0	0	27467	0	0	0	0	27471	0	0	0	0	27475	0	0	0	0	27479	0	0	0	0	27459	0	0	0	0	44158	0	0	0	0	0	0	0	0	0	0	0	1	10920	0	0	false	true	0	0	0	0	false	0	false	0	false	0	false	0
805308403	0	0	1	27456	0	0	0	0	27460	0	0	0	0	27464	0	0	0	0	27468	0	0	0	0	27472	0	0	0	0	27476	0	0	0	0	27480	0	0	0	0	27460	0	0	0	0	44159	0	0	0	0	0	0	0	0	0	0	0	1	10920	0	0	false	true	0	0	0	0	false	0	false	0	false	0	false	0
805308404	0	0	1	27457	0	0	0	0	27461	0	0	0	0	27465	0	0	0	0	27469	0	0	0	0	27473	0	0	0	0	27477	0	0	0	0	27481	0	0	0	0	27461	0	0	0	0	44160	0	0	0	0	0	0	0	0	0	0	0	1	10920	0	0	false	true	0	0	0	0	false	0	false	0	false	0	false	0
805308423	0	0	1	27607	0	0	0	0	27602	0	0	0	0	27606	0	0	0	0	27604	0	0	0	0	27601	0	0	0	0	27605	0	0	0	0	27603	0	0	0	0	0	0	0	0	0	0	0	0	0	0	0	0	0	0	0	0	0	0	10920	17302784	0	false	true	0	0	0	0	true	1000010032	false	0	false	0	false	0
805308424	10	0	1	27610	27609	27608	0	0	27610	27609	27608	0	0	27610	27609	27608	0	0	27610	27609	27608	0	0	27610	27609	27608	0	0	27610	27609	27608	0	0	27610	27609	27608	0	0	27610	27609	27608	0	0	0	0	0	0	0	0	0	0	0	0	0	0	0	10920	0	0	false	false	0	0	0	0	false	0	false	0	false	0	false	0
805308425	0	0	1	27607	0	0	0	0	27602	0	0	0	0	27606	0	0	0	0	27604	0	0	0	0	27601	0	0	0	0	27605	0	0	0	0	27603	0	0	0	0	0	0	0	0	0	0	0	0	0	0	0	0	0	0	0	0	0	0	10920	17302784	0	false	true	0	0	0	0	true	1000010032	false	0	false	0	false	0
805308426	10	0	1	27610	27609	27608	0	0	27610	27609	27608	0	0	27610	27609	27608	0	0	27610	27609	27608	0	0	27610	27609	27608	0	0	27610	27609	27608	0	0	27610	27609	27608	0	0	27610	27609	27608	0	0	0	0	0	0	0	0	0	0	0	0	0	0	0	10920	0	0	false	false	0	0	0	0	false	0	false	0	false	0	false	0
805308529	9	0	1	28070	27988	27989	0	0	28070	27988	27989	0	0	28070	27988	27989	0	0	28070	27988	27989	0	0	28070	27988	27989	0	0	28070	27988	27989	0	0	28070	27988	27989	0	0	28070	27988	27989	0	0	0	0	0	0	0	0	0	0	0	0	0	0	0	10920	872415627	0	false	false	0	0	0	0	true	1000021440	false	0	false	0	false	0
805308535	0	0	1	28327	0	0	0	0	28394	0	0	0	0	28395	0	0	0	0	28330	0	0	0	0	28397	0	0	0	0	28398	0	0	0	0	28333	0	0	0	0	28394	0	0	0	0	0	0	0	0	0	0	0	0	0	0	0	0	0	10920	0	0	false	true	0	0	0	0	false	0	false	0	false	0	false	0
805308536	0	0	1	28393	0	0	0	0	28328	0	0	0	0	28329	0	0	0	0	28396	0	0	0	0	28331	0	0	0	0	28332	0	0	0	0	28399	0	0	0	0	28328	0	0	0	0	0	0	0	0	0	0	0	0	0	0	0	0	0	10920	0	0	false	true	0	0	0	0	false	0	false	0	false	0	false	0
805308537	6	0	1	0	0	26963	0	0	0	0	26963	0	0	0	0	26963	0	0	0	0	26963	0	0	0	0	26963	0	0	0	0	26963	0	0	0	0	26963	0	0	0	0	26963	0	0	0	0	0	0	0	0	0	0	0	0	0	0	0	10920	0	0	false	false	0	0	0	0	false	0	false	0	false	0	false	0
805308541	0	0	1	8630	0	0	0	0	0	0	0	0	0	0	0	0	0	0	0	0	0	0	0	0	0	0	0	0	0	0	0	0	0	0	0	0	0	0	0	0	0	0	0	0	0	0	0	0	0	0	0	0	0	0	0	1	10920	872415683	0	false	false	0	0	0	0	true	1000082674	false	0	false	0	false	0
805308542	1	0	1	8627	0	0	0	0	0	0	0	0	0	0	0	0	0	0	0	0	0	0	0	0	0	0	0	0	0	0	0	0	0	0	0	0	0	0	0	0	0	0	0	0	0	0	0	0	0	0	0	0	0	0	0	0	10920	872415683	0	false	false	0	0	0	0	true	0	false	0	false	0	false	0
805308543	9	0	1	28070	27988	27989	0	0	28070	27988	27989	0	0	28070	27988	27989	0	0	28070	27988	27989	0	0	28070	27988	27989	0	0	28070	27988	27989	0	0	28070	27988	27989	0	0	28070	27988	27989	0	0	0	0	0	0	0	0	0	0	0	0	0	0	0	10920	872415683	0	false	false	0	0	0	0	true	1000021440	false	0	false	0	false	0
805308544	10	0	1	20318	20320	20321	0	0	20318	20320	20321	0	0	20318	20320	20321	0	0	20318	20320	20321	0	0	20318	20320	20321	0	0	20318	20320	20321	0	0	20318	20320	20321	0	0	0	0	0	0	0	0	0	0	0	0	0	0	0	0	0	0	0	0	10920	872415683	0	false	false	0	0	0	0	true	1000021440	false	0	false	0	false	0
805308545	11	0	1	0	0	0	0	15113	0	0	0	0	15113	0	0	0	0	15113	0	0	0	0	15113	0	0	0	0	15113	0	0	0	0	15113	0	0	0	0	15113	0	0	0	0	15113	0	0	0	0	0	0	0	0	0	0	0	0	0	10920	872415683	0	false	false	0	0	0	0	true	1000039988	false	0	false	0	false	0
805308946	0	0	1	8630	0	0	0	0	0	0	0	0	0	0	0	0	0	0	0	0	0	0	0	0	0	0	0	0	0	0	0	0	0	0	0	0	0	0	0	0	0	0	0	0	0	0	0	0	0	0	0	0	0	0	0	1	10920	872415759	0	false	false	0	0	0	0	true	0	false	0	false	0	false	0
805308947	1	0	1	8627	0	0	0	0	0	0	0	0	0	0	0	0	0	0	0	0	0	0	0	0	0	0	0	0	0	0	0	0	0	0	0	0	0	0	0	0	0	0	0	0	0	0	0	0	0	0	0	0	0	0	0	0	10920	872415759	0	false	false	0	0	0	0	true	0	false	0	false	0	false	0
805308612	0	0	1	28745	0	0	0	0	28750	0	0	0	0	28755	0	0	0	0	28760	0	0	0	0	28765	0	0	0	0	28770	0	0	0	0	28775	0	0	0	0	28750	0	0	0	0	44332	0	0	0	0	0	0	0	0	0	0	0	1	10920	17302784	0	false	false	0	0	0	0	true	1000063918	false	0	false	0	false	0
805308613	0	0	1	28746	0	0	0	0	28751	0	0	0	0	28756	0	0	0	0	28761	0	0	0	0	28766	0	0	0	0	28771	0	0	0	0	28776	0	0	0	0	28751	0	0	0	0	44333	0	0	0	0	0	0	0	0	0	0	0	1	10920	17302784	0	false	false	0	0	0	0	true	1000063918	false	0	false	0	false	0
805308614	0	0	1	28747	0	0	0	0	28752	0	0	0	0	28757	0	0	0	0	28762	0	0	0	0	28767	0	0	0	0	28772	0	0	0	0	28777	0	0	0	0	28752	0	0	0	0	44334	0	0	0	0	0	0	0	0	0	0	0	1	10920	17302784	0	false	false	0	0	0	0	true	1000063918	false	0	false	0	false	0
805308615	0	0	1	28748	0	0	0	0	28753	0	0	0	0	28758	0	0	0	0	28763	0	0	0	0	28768	0	0	0	0	28773	0	0	0	0	28778	0	0	0	0	28753	0	0	0	0	44335	0	0	0	0	0	0	0	0	0	0	0	1	10920	872415650	0	false	false	0	0	0	0	true	1000063918	false	0	false	0	false	0
805308616	0	0	1	28749	0	0	0	0	28754	0	0	0	0	28759	0	0	0	0	28764	0	0	0	0	28769	0	0	0	0	28774	0	0	0	0	28779	0	0	0	0	28754	0	0	0	0	44336	0	0	0	0	0	0	0	0	0	0	0	1	10920	872415650	0	false	false	0	0	0	0	true	1000063918	false	0	false	0	false	0
805308668	0	0	1	29405	29411	29398	0	0	29400	29407	29393	0	0	29404	29410	29397	0	0	29402	29408	29395	0	0	29399	29406	29392	0	0	29403	29409	29396	0	0	29401	29412	29394	0	0	0	0	0	0	0	0	0	0	0	0	0	0	0	0	0	0	0	1	10920	0	0	true	false	0	0	0	0	false	0	false	0	false	0	false	0
805308742	9	0	1	29931	7505	7504	0	0	29926	7496	7495	0	0	29930	7502	7501	0	0	29928	7499	7498	0	0	29956	7493	7492	0	0	29929	18837	18836	0	0	29927	25438	25439	0	0	29927	25438	25439	0	0	29927	39110	39109	0	0	29927	39110	39109	0	0	0	0	0	10920	872415627	0	false	false	0	0	0	0	true	1000021440	false	0	false	0	false	0
805308798	0	0	1	18187	0	0	0	0	18189	0	0	0	0	18191	0	0	0	0	18193	0	0	0	0	18195	0	0	0	0	30474	0	0	0	0	30487	0	0	0	0	32716	0	0	0	0	41784	0	0	0	0	0	0	0	0	0	0	0	1	10920	0	0	false	true	0	0	0	0	false	0	false	0	false	0	false	0
805308799	0	0	1	30469	0	0	0	0	30470	0	0	0	0	30471	0	0	0	0	30472	0	0	0	0	30473	0	0	0	0	22951	0	0	0	0	30479	0	0	0	0	46467	0	0	0	0	46448	0	0	0	0	0	0	0	0	0	0	0	1	10920	0	0	false	true	0	0	0	0	false	0	false	0	false	0	false	0
805308800	0	0	1	18188	0	0	0	0	18190	0	0	0	0	18192	0	0	0	0	18194	0	0	0	0	18196	0	0	0	0	19516	0	0	0	0	30488	0	0	0	0	18190	0	0	0	0	18190	0	0	0	0	0	0	0	0	0	0	0	1	10920	0	0	false	true	0	0	0	0	false	0	false	0	false	0	false	0
805308801	0	0	1	19378	0	0	0	0	19390	0	0	0	0	19384	0	0	0	0	19387	0	0	0	0	19381	0	0	0	0	19515	0	0	0	0	30484	0	0	0	0	46475	0	0	0	0	46492	0	0	0	0	0	0	0	0	0	0	0	1	10920	0	0	false	true	0	0	0	0	false	0	false	0	false	0	false	0
805308802	0	0	1	19376	0	0	0	0	19388	0	0	0	0	19382	0	0	0	0	19385	0	0	0	0	19379	0	0	0	0	19513	0	0	0	0	30477	0	0	0	0	46465	0	0	0	0	46483	0	0	0	0	0	0	0	0	0	0	0	1	10920	0	0	false	true	0	0	0	0	false	0	false	0	false	0	false	0
805308803	0	0	1	19377	0	0	0	0	19389	0	0	0	0	19383	0	0	0	0	19386	0	0	0	0	19380	0	0	0	0	19514	0	0	0	0	30480	0	0	0	0	46469	0	0	0	0	46486	0	0	0	0	0	0	0	0	0	0	0	1	10920	0	0	false	true	0	0	0	0	false	0	false	0	false	0	false	0
805308804	0	0	1	19393	0	0	0	0	19394	0	0	0	0	19395	0	0	0	0	19396	0	0	0	0	19397	0	0	0	0	22948	0	0	0	0	30486	0	0	0	0	46478	0	0	0	0	46495	0	0	0	0	0	0	0	0	0	0	0	1	10920	0	0	false	true	0	0	0	0	false	0	false	0	false	0	false	0
805308805	0	0	1	19403	0	0	0	0	19404	0	0	0	0	19405	0	0	0	0	19406	0	0	0	0	19407	0	0	0	0	22945	0	0	0	0	30475	0	0	0	0	46461	0	0	0	0	46479	0	0	0	0	0	0	0	0	0	0	0	1	10920	0	0	false	true	0	0	0	0	false	0	false	0	false	0	false	0
805308806	0	0	1	19398	0	0	0	0	19399	0	0	0	0	19400	0	0	0	0	19401	0	0	0	0	19402	0	0	0	0	22949	0	0	0	0	30476	0	0	0	0	46462	0	0	0	0	46480	0	0	0	0	0	0	0	0	0	0	0	1	10920	0	0	false	true	0	0	0	0	false	0	false	0	false	0	false	0
805308807	0	0	1	19431	0	0	0	0	19432	0	0	0	0	19433	0	0	0	0	19434	0	0	0	0	19435	0	0	0	0	22947	0	0	0	0	30483	0	0	0	0	46473	0	0	0	0	46490	0	0	0	0	0	0	0	0	0	0	0	1	10920	0	0	false	true	0	0	0	0	false	0	false	0	false	0	false	0
805308808	0	0	1	19436	0	0	0	0	19437	0	0	0	0	19438	0	0	0	0	19439	0	0	0	0	19440	0	0	0	0	22950	0	0	0	0	30481	0	0	0	0	46470	0	0	0	0	46487	0	0	0	0	0	0	0	0	0	0	0	1	10920	0	0	false	true	0	0	0	0	false	0	false	0	false	0	false	0
805308809	0	0	1	19441	0	0	0	0	19442	0	0	0	0	19443	0	0	0	0	19444	0	0	0	0	19445	0	0	0	0	22952	0	0	0	0	30482	0	0	0	0	46471	0	0	0	0	46488	0	0	0	0	0	0	0	0	0	0	0	1	10920	0	0	false	true	0	0	0	0	false	0	false	0	false	0	false	0
805308810	0	0	1	19450	0	0	0	0	19451	0	0	0	0	19452	0	0	0	0	19453	0	0	0	0	19454	0	0	0	0	22953	0	0	0	0	30485	0	0	0	0	46476	0	0	0	0	46493	0	0	0	0	0	0	0	0	0	0	0	1	10920	0	0	false	true	0	0	0	0	false	0	false	0	false	0	false	0
805308811	0	0	1	19357	0	0	0	0	19358	0	0	0	0	19359	0	0	0	0	19360	0	0	0	0	19361	0	0	0	0	22946	0	0	0	0	30478	0	0	0	0	46466	0	0	0	0	46484	0	0	0	0	0	0	0	0	0	0	0	1	10920	0	0	false	true	0	0	0	0	false	0	false	0	false	0	false	0
805308812	0	0	1	30315	0	0	0	0	30320	0	0	0	0	30325	0	0	0	0	30330	0	0	0	0	30335	0	0	0	0	30340	0	0	0	0	30345	0	0	0	0	46472	0	0	0	0	46489	0	0	0	0	0	0	0	0	0	0	0	1	10920	0	0	false	true	0	0	0	0	false	0	false	0	false	0	false	0
805308813	0	0	1	30317	0	0	0	0	30322	0	0	0	0	30327	0	0	0	0	30332	0	0	0	0	30337	0	0	0	0	30342	0	0	0	0	30347	0	0	0	0	46477	0	0	0	0	46494	0	0	0	0	0	0	0	0	0	0	0	1	10920	0	0	false	true	0	0	0	0	false	0	false	0	false	0	false	0
805308814	0	0	1	30314	0	0	0	0	30319	0	0	0	0	30324	0	0	0	0	30329	0	0	0	0	30334	0	0	0	0	30339	0	0	0	0	30344	0	0	0	0	46464	0	0	0	0	46482	0	0	0	0	0	0	0	0	0	0	0	1	10920	0	0	false	true	0	0	0	0	false	0	false	0	false	0	false	0
805308815	0	0	1	30313	0	0	0	0	30318	0	0	0	0	30323	0	0	0	0	30328	0	0	0	0	30333	0	0	0	0	30338	0	0	0	0	30343	0	0	0	0	46463	0	0	0	0	46481	0	0	0	0	0	0	0	0	0	0	0	1	10920	0	0	false	true	0	0	0	0	false	0	false	0	false	0	false	0
805308816	0	0	1	30316	0	0	0	0	30321	0	0	0	0	30326	0	0	0	0	30331	0	0	0	0	30336	0	0	0	0	30341	0	0	0	0	30346	0	0	0	0	46474	0	0	0	0	46491	0	0	0	0	0	0	0	0	0	0	0	1	10920	0	0	false	true	0	0	0	0	false	0	false	0	false	0	false	0
805308851	0	0	1	31533	0	0	0	0	31534	0	0	0	0	31535	0	0	0	0	31536	0	0	0	0	31537	0	0	0	0	31538	0	0	0	0	31539	0	0	0	0	0	0	0	0	0	0	0	0	0	0	0	0	0	0	0	0	0	1	10920	0	0	false	false	0	0	0	0	false	0	false	0	false	0	false	0
805308885	0	0	1	32297	0	0	0	0	32300	0	0	0	0	32303	0	0	0	0	32306	0	0	0	0	32309	0	0	0	0	32312	0	0	0	0	32315	0	0	0	0	32318	0	0	0	0	32318	0	0	0	0	0	0	0	0	0	0	0	1	10920	872415650	0	false	false	0	0	0	0	true	1000063918	false	0	false	0	false	0
805308886	0	0	1	32298	0	0	0	0	32301	0	0	0	0	32304	0	0	0	0	32307	0	0	0	0	32310	0	0	0	0	32313	0	0	0	0	32316	0	0	0	0	32319	0	0	0	0	32319	0	0	0	0	0	0	0	0	0	0	0	1	10920	872415650	0	false	false	0	0	0	0	true	1000063918	false	0	false	0	false	0
805308887	0	0	1	32299	0	0	0	0	32302	0	0	0	0	32305	0	0	0	0	32308	0	0	0	0	32311	0	0	0	0	32314	0	0	0	0	32317	0	0	0	0	32320	0	0	0	0	32320	0	0	0	0	0	0	0	0	0	0	0	1	10920	872415650	0	false	false	0	0	0	0	true	1000063918	false	0	false	0	false	0
805308896	0	0	1	0	0	0	0	0	0	0	0	0	0	0	0	0	0	0	0	0	0	0	0	0	0	0	0	0	0	0	0	0	0	0	0	0	0	0	32356	0	0	0	0	32356	0	0	0	0	0	0	0	0	0	0	0	0	10920	872415742	0	false	false	0	0	0	0	true	1000100198	false	0	false	0	false	0
805308897	1	0	1	0	0	0	0	0	0	0	0	0	0	0	0	0	0	0	0	0	0	0	0	0	0	0	0	0	0	0	0	0	0	0	0	0	0	0	32353	0	0	0	0	32353	0	0	0	0	0	0	0	0	0	0	0	0	10920	872415742	0	false	false	0	0	0	0	true	1000100198	false	0	false	0	false	0
805308898	2	0	1	0	0	0	0	0	0	0	0	0	0	0	0	0	0	0	0	0	0	0	0	0	0	0	0	0	0	0	0	0	0	0	0	0	0	0	32357	0	0	0	0	32357	0	0	0	0	0	0	0	0	0	0	0	0	10920	872415742	0	false	false	0	0	0	0	true	1000100198	false	0	false	0	false	0
805308899	3	0	1	0	0	0	0	0	0	0	0	0	0	0	0	0	0	0	0	0	0	0	0	0	0	0	0	0	0	0	0	0	0	0	0	0	0	0	32355	0	0	0	0	32355	0	0	0	0	0	0	0	0	0	0	0	0	10920	872415742	0	false	false	0	0	0	0	true	1000100198	false	0	false	0	false	0
805308900	4	0	1	0	0	0	0	0	0	0	0	0	0	0	0	0	0	0	0	0	0	0	0	0	0	0	0	0	0	0	0	0	0	0	0	0	0	0	32354	0	0	0	0	32354	0	0	0	0	0	0	0	0	0	0	0	0	10920	872415742	0	false	false	0	0	0	0	true	1000100198	false	0	false	0	false	0
805308902	9	0	1	0	0	0	0	0	0	0	0	0	0	0	0	0	0	0	0	0	0	0	0	0	0	0	0	0	0	0	0	0	0	0	0	0	0	0	32376	32377	32378	0	0	32376	32377	32378	0	0	0	0	0	0	0	0	0	0	10920	872415742	0	false	false	0	0	0	0	true	1000100198	false	0	false	0	false	0
805308903	12	0	1	41579	14307	32717	0	0	41579	14307	32717	0	0	41579	14307	32717	0	0	41579	14307	32717	0	0	41579	14307	32717	0	0	41579	14307	32717	0	0	41579	14307	32717	0	0	41579	14307	32717	0	0	41579	14307	32717	0	0	41579	14307	32717	0	0	0	0	0	10920	0	0	false	false	0	0	0	0	false	0	false	0	false	0	false	0
805309021	0	0	1	0	0	0	0	0	0	0	0	0	0	0	0	0	0	0	0	0	0	0	0	0	0	0	0	0	19058	0	0	0	0	0	0	0	0	0	0	0	0	0	0	0	0	0	0	0	0	0	0	0	0	0	0	0	10920	0	0	false	false	0	0	0	0	false	0	false	0	false	0	false	0
805309022	1	0	1	0	0	0	0	0	0	0	0	0	0	0	0	0	0	0	0	0	0	0	0	0	0	0	0	0	17590	0	0	0	0	0	0	0	0	0	0	0	0	0	0	0	0	0	0	0	0	0	0	0	0	0	0	0	10920	0	0	false	false	0	0	0	0	false	0	false	0	false	0	false	0
805309023	2	0	1	0	0	0	0	0	0	0	0	0	0	0	0	0	0	0	0	0	0	0	0	0	0	0	0	0	17592	0	0	0	0	0	0	0	0	0	0	0	0	0	0	0	0	0	0	0	0	0	0	0	0	0	0	0	10920	0	0	false	false	0	0	0	0	false	0	false	0	false	0	false	0
805309024	3	0	1	0	0	0	0	0	0	0	0	0	0	0	0	0	0	0	0	0	0	0	0	0	0	0	0	0	17591	0	0	0	0	0	0	0	0	0	0	0	0	0	0	0	0	0	0	0	0	0	0	0	0	0	0	0	10920	0	0	false	false	0	0	0	0	false	0	false	0	false	0	false	0
805309025	4	0	1	0	0	0	0	0	0	0	0	0	0	0	0	0	0	0	0	0	0	0	0	0	0	0	0	0	17593	0	0	0	0	0	0	0	0	0	0	0	0	0	0	0	0	0	0	0	0	0	0	0	0	0	0	0	10920	0	0	false	false	0	0	0	0	false	0	false	0	false	0	false	0
805309026	9	0	1	33352	7505	7504	0	0	0	0	0	0	0	0	0	0	0	0	0	0	0	0	0	0	0	0	0	0	0	0	0	0	0	0	0	0	0	0	0	0	0	0	0	0	0	0	0	0	0	0	0	0	0	0	0	0	10920	0	0	false	false	0	0	0	0	false	0	false	0	false	0	false	0
805309027	9	0	1	0	0	0	0	0	33353	7496	7495	0	0	0	0	0	0	0	0	0	0	0	0	0	0	0	0	0	0	0	0	0	0	0	0	0	0	0	0	0	0	0	0	0	0	0	0	0	0	0	0	0	0	0	0	0	10920	0	0	false	false	0	0	0	0	false	0	false	0	false	0	false	0
805309028	9	0	1	0	0	0	0	0	0	0	0	0	0	33354	7502	7501	0	0	0	0	0	0	0	0	0	0	0	0	0	0	0	0	0	0	0	0	0	0	0	0	0	0	0	0	0	0	0	0	0	0	0	0	0	0	0	0	10920	0	0	false	false	0	0	0	0	false	0	false	0	false	0	false	0
805309029	9	0	1	0	0	0	0	0	0	0	0	0	0	0	0	0	0	0	33355	7499	7498	0	0	0	0	0	0	0	0	0	0	0	0	0	0	0	0	0	0	0	0	0	0	0	0	0	0	0	0	0	0	0	0	0	0	0	10920	0	0	false	false	0	0	0	0	false	0	false	0	false	0	false	0
805309030	9	0	1	0	0	0	0	0	0	0	0	0	0	0	0	0	0	0	0	0	0	0	0	33356	7493	7492	0	0	0	0	0	0	0	0	0	0	0	0	0	0	0	0	0	0	0	0	0	0	0	0	0	0	0	0	0	0	10920	0	0	false	false	0	0	0	0	false	0	false	0	false	0	false	0
805309031	9	0	1	0	0	0	0	0	0	0	0	0	0	0	0	0	0	0	0	0	0	0	0	0	0	0	0	0	33357	18837	18836	0	0	0	0	0	0	0	0	0	0	0	0	0	0	0	0	0	0	0	0	0	0	0	0	0	10920	0	0	false	false	0	0	0	0	false	0	false	0	false	0	false	0
805309032	9	0	1	0	0	0	0	0	0	0	0	0	0	0	0	0	0	0	0	0	0	0	0	0	0	0	0	0	0	0	0	0	0	33358	25438	25439	0	0	0	0	0	0	0	0	0	0	0	0	0	0	0	0	0	0	0	0	10920	0	0	false	false	0	0	0	0	false	0	false	0	false	0	false	0
805309033	9	0	1	33359	7505	7504	0	0	0	0	0	0	0	0	0	0	0	0	0	0	0	0	0	0	0	0	0	0	0	0	0	0	0	0	0	0	0	0	0	0	0	0	0	0	0	0	0	0	0	0	0	0	0	0	0	0	10920	0	0	false	false	0	0	0	0	false	0	false	0	false	0	false	0
805309034	9	0	1	0	0	0	0	0	33360	7496	7495	0	0	0	0	0	0	0	0	0	0	0	0	0	0	0	0	0	0	0	0	0	0	0	0	0	0	0	0	0	0	0	0	0	0	0	0	0	0	0	0	0	0	0	0	0	10920	0	0	false	false	0	0	0	0	false	0	false	0	false	0	false	0
805309035	9	0	1	0	0	0	0	0	0	0	0	0	0	33361	7502	7501	0	0	0	0	0	0	0	0	0	0	0	0	0	0	0	0	0	0	0	0	0	0	0	0	0	0	0	0	0	0	0	0	0	0	0	0	0	0	0	0	10920	0	0	false	false	0	0	0	0	false	0	false	0	false	0	false	0
805309036	9	0	1	0	0	0	0	0	0	0	0	0	0	0	0	0	0	0	33362	7499	7498	0	0	0	0	0	0	0	0	0	0	0	0	0	0	0	0	0	0	0	0	0	0	0	0	0	0	0	0	0	0	0	0	0	0	0	10920	0	0	false	false	0	0	0	0	false	0	false	0	false	0	false	0
805309037	9	0	1	0	0	0	0	0	0	0	0	0	0	0	0	0	0	0	0	0	0	0	0	33363	7493	7492	0	0	0	0	0	0	0	0	0	0	0	0	0	0	0	0	0	0	0	0	0	0	0	0	0	0	0	0	0	0	10920	0	0	false	false	0	0	0	0	false	0	false	0	false	0	false	0
805309038	9	0	1	0	0	0	0	0	0	0	0	0	0	0	0	0	0	0	0	0	0	0	0	0	0	0	0	0	33364	18837	18836	0	0	0	0	0	0	0	0	0	0	0	0	0	0	0	0	0	0	0	0	0	0	0	0	0	10920	0	0	false	false	0	0	0	0	false	0	false	0	false	0	false	0
805309039	9	0	1	0	0	0	0	0	0	0	0	0	0	0	0	0	0	0	0	0	0	0	0	0	0	0	0	0	0	0	0	0	0	33365	25438	25439	0	0	0	0	0	0	0	0	0	0	0	0	0	0	0	0	0	0	0	0	10920	0	0	false	false	0	0	0	0	false	0	false	0	false	0	false	0
805309040	9	0	1	33366	7505	7504	0	0	0	0	0	0	0	0	0	0	0	0	0	0	0	0	0	0	0	0	0	0	0	0	0	0	0	0	0	0	0	0	0	0	0	0	0	0	0	0	0	0	0	0	0	0	0	0	0	0	10920	0	0	false	false	0	0	0	0	false	0	false	0	false	0	false	0
805309041	9	0	1	0	0	0	0	0	33367	7496	7495	0	0	0	0	0	0	0	0	0	0	0	0	0	0	0	0	0	0	0	0	0	0	0	0	0	0	0	0	0	0	0	0	0	0	0	0	0	0	0	0	0	0	0	0	0	10920	0	0	false	false	0	0	0	0	false	0	false	0	false	0	false	0
805309042	9	0	1	0	0	0	0	0	0	0	0	0	0	33368	7502	7501	0	0	0	0	0	0	0	0	0	0	0	0	0	0	0	0	0	0	0	0	0	0	0	0	0	0	0	0	0	0	0	0	0	0	0	0	0	0	0	0	10920	0	0	false	false	0	0	0	0	false	0	false	0	false	0	false	0
805309043	9	0	1	0	0	0	0	0	0	0	0	0	0	0	0	0	0	0	33369	7499	7498	0	0	0	0	0	0	0	0	0	0	0	0	0	0	0	0	0	0	0	0	0	0	0	0	0	0	0	0	0	0	0	0	0	0	0	10920	0	0	false	false	0	0	0	0	false	0	false	0	false	0	false	0
805309044	9	0	1	0	0	0	0	0	0	0	0	0	0	0	0	0	0	0	0	0	0	0	0	33370	7493	7492	0	0	0	0	0	0	0	0	0	0	0	0	0	0	0	0	0	0	0	0	0	0	0	0	0	0	0	0	0	0	10920	0	0	false	false	0	0	0	0	false	0	false	0	false	0	false	0
805309045	9	0	1	0	0	0	0	0	0	0	0	0	0	0	0	0	0	0	0	0	0	0	0	0	0	0	0	0	33371	18837	18836	0	0	0	0	0	0	0	0	0	0	0	0	0	0	0	0	0	0	0	0	0	0	0	0	0	10920	0	0	false	false	0	0	0	0	false	0	false	0	false	0	false	0
805309046	9	0	1	0	0	0	0	0	0	0	0	0	0	0	0	0	0	0	0	0	0	0	0	0	0	0	0	0	0	0	0	0	0	33372	25438	25439	0	0	0	0	0	0	0	0	0	0	0	0	0	0	0	0	0	0	0	0	10920	0	0	false	false	0	0	0	0	false	0	false	0	false	0	false	0
805309047	9	0	1	33477	7505	7504	0	0	0	0	0	0	0	0	0	0	0	0	0	0	0	0	0	0	0	0	0	0	0	0	0	0	0	0	0	0	0	0	0	0	0	0	0	0	0	0	0	0	0	0	0	0	0	0	0	0	10920	0	0	false	false	0	0	0	0	false	0	false	0	false	0	false	0
805309048	9	0	1	0	0	0	0	0	33478	7496	7495	0	0	0	0	0	0	0	0	0	0	0	0	0	0	0	0	0	0	0	0	0	0	0	0	0	0	0	0	0	0	0	0	0	0	0	0	0	0	0	0	0	0	0	0	0	10920	0	0	false	false	0	0	0	0	false	0	false	0	false	0	false	0
805309049	9	0	1	0	0	0	0	0	0	0	0	0	0	33479	7502	7501	0	0	0	0	0	0	0	0	0	0	0	0	0	0	0	0	0	0	0	0	0	0	0	0	0	0	0	0	0	0	0	0	0	0	0	0	0	0	0	0	10920	0	0	false	false	0	0	0	0	false	0	false	0	false	0	false	0
805309050	9	0	1	0	0	0	0	0	0	0	0	0	0	0	0	0	0	0	33480	7499	7498	0	0	0	0	0	0	0	0	0	0	0	0	0	0	0	0	0	0	0	0	0	0	0	0	0	0	0	0	0	0	0	0	0	0	0	10920	0	0	false	false	0	0	0	0	false	0	false	0	false	0	false	0
805309051	9	0	1	0	0	0	0	0	0	0	0	0	0	0	0	0	0	0	0	0	0	0	0	33481	7493	7492	0	0	0	0	0	0	0	0	0	0	0	0	0	0	0	0	0	0	0	0	0	0	0	0	0	0	0	0	0	0	10920	0	0	false	false	0	0	0	0	false	0	false	0	false	0	false	0
805309052	9	0	1	0	0	0	0	0	0	0	0	0	0	0	0	0	0	0	0	0	0	0	0	0	0	0	0	0	33482	18837	18836	0	0	0	0	0	0	0	0	0	0	0	0	0	0	0	0	0	0	0	0	0	0	0	0	0	10920	0	0	false	false	0	0	0	0	false	0	false	0	false	0	false	0
805309053	9	0	1	0	0	0	0	0	0	0	0	0	0	0	0	0	0	0	0	0	0	0	0	0	0	0	0	0	0	0	0	0	0	33483	25438	25439	0	0	0	0	0	0	0	0	0	0	0	0	0	0	0	0	0	0	0	0	10920	0	0	false	false	0	0	0	0	false	0	false	0	false	0	false	0
805308950	0	0	1	18939	0	0	0	0	18943	0	0	0	0	18947	0	0	0	0	18951	0	0	0	0	18955	0	0	0	0	18959	0	0	0	0	32761	0	0	0	0	32763	0	0	0	0	0	0	0	0	0	0	0	0	0	0	0	0	1	10920	872415650	0	false	false	0	0	0	0	true	1000063918	false	0	false	0	false	0
805308951	0	0	1	18938	0	0	0	0	18942	0	0	0	0	18946	0	0	0	0	18950	0	0	0	0	18954	0	0	0	0	18958	0	0	0	0	32760	0	0	0	0	32762	0	0	0	0	0	0	0	0	0	0	0	0	0	0	0	0	1	10920	872415650	0	false	false	0	0	0	0	true	1000063918	false	0	false	0	false	0
805308952	0	0	1	18936	0	0	0	0	18940	0	0	0	0	18944	0	0	0	0	18948	0	0	0	0	18952	0	0	0	0	18956	0	0	0	0	25497	0	0	0	0	32764	0	0	0	0	0	0	0	0	0	0	0	0	0	0	0	0	1	10920	872415650	0	false	false	0	0	0	0	true	1000063918	false	0	false	0	false	0
805308953	0	0	1	18937	0	0	0	0	18941	0	0	0	0	18945	0	0	0	0	18949	0	0	0	0	18953	0	0	0	0	18957	0	0	0	0	25488	0	0	0	0	32765	0	0	0	0	0	0	0	0	0	0	0	0	0	0	0	0	1	10920	872415650	0	false	false	0	0	0	0	true	1000063918	false	0	false	0	false	0
805309067	5	10000	0	0	0	0	0	0	0	0	0	0	0	0	0	0	0	0	0	0	0	0	0	0	0	0	0	0	0	0	0	0	0	0	0	0	0	0	0	0	0	0	0	0	0	0	0	0	0	0	0	0	0	0	0	0	0	0	0	false	false	0	0	0	0	false	0	false	0	false	0	false	0
805309069	1	10000	0	33166	0	0	0	0	0	0	0	0	0	0	0	0	0	0	0	0	0	0	0	0	0	0	0	0	0	0	0	0	0	0	0	0	0	0	0	0	0	0	0	0	0	0	0	0	0	0	0	0	0	0	0	0	10920	0	0	false	true	2	3	4	0	false	0	false	0	false	0	false	0
805309070	1	10000	0	0	0	0	0	0	33176	0	0	0	0	0	0	0	0	0	0	0	0	0	0	0	0	0	0	0	0	0	0	0	0	0	0	0	0	0	0	0	0	0	0	0	0	0	0	0	0	0	0	0	0	0	0	0	10920	0	0	false	true	2	3	4	0	false	0	false	0	false	0	false	0
805309071	1	10000	0	0	0	0	0	0	0	0	0	0	0	33179	0	0	0	0	0	0	0	0	0	0	0	0	0	0	0	0	0	0	0	0	0	0	0	0	0	0	0	0	0	0	0	0	0	0	0	0	0	0	0	0	0	0	10920	0	0	false	true	2	3	4	0	false	0	false	0	false	0	false	0
805309072	1	10000	0	0	0	0	0	0	0	0	0	0	0	0	0	0	0	0	33169	0	0	0	0	0	0	0	0	0	0	0	0	0	0	0	0	0	0	0	0	0	0	0	0	0	0	0	0	0	0	0	0	0	0	0	0	0	10920	0	0	false	true	2	3	4	0	false	0	false	0	false	0	false	0
805309073	1	10000	0	0	0	0	0	0	0	0	0	0	0	0	0	0	0	0	0	0	0	0	0	33182	0	0	0	0	0	0	0	0	0	0	0	0	0	0	0	0	0	0	0	0	0	0	0	0	0	0	0	0	0	0	0	0	10920	0	0	false	true	2	3	4	0	false	0	false	0	false	0	false	0
805309074	1	10000	0	0	0	0	0	0	0	0	0	0	0	0	0	0	0	0	0	0	0	0	0	0	0	0	0	0	33174	0	0	0	0	0	0	0	0	0	0	0	0	0	0	0	0	0	0	0	0	0	0	0	0	0	0	0	10920	0	0	false	true	2	3	4	0	false	0	false	0	false	0	false	0
805309075	1	10000	0	0	0	0	0	0	0	0	0	0	0	0	0	0	0	0	0	0	0	0	0	0	0	0	0	0	0	0	0	0	0	33172	0	0	0	0	0	0	0	0	0	0	0	0	0	0	0	0	0	0	0	0	0	0	10920	0	0	false	true	2	3	4	0	false	0	false	0	false	0	false	0
805309076	1	10000	0	25680	0	0	0	0	0	0	0	0	0	0	0	0	0	0	0	0	0	0	0	0	0	0	0	0	0	0	0	0	0	0	0	0	0	0	0	0	0	0	0	0	0	0	0	0	0	0	0	0	0	0	0	0	10920	0	0	false	true	2	3	4	0	false	0	false	0	false	0	false	0
805309077	1	10000	0	0	0	0	0	0	25701	0	0	0	0	0	0	0	0	0	0	0	0	0	0	0	0	0	0	0	0	0	0	0	0	0	0	0	0	0	0	0	0	0	0	0	0	0	0	0	0	0	0	0	0	0	0	0	10920	0	0	false	true	2	3	4	0	false	0	false	0	false	0	false	0
805309078	1	10000	0	0	0	0	0	0	0	0	0	0	0	25684	0	0	0	0	0	0	0	0	0	0	0	0	0	0	0	0	0	0	0	0	0	0	0	0	0	0	0	0	0	0	0	0	0	0	0	0	0	0	0	0	0	0	10920	0	0	false	true	2	3	4	0	false	0	false	0	false	0	false	0
805309079	1	10000	0	0	0	0	0	0	0	0	0	0	0	0	0	0	0	0	25686	0	0	0	0	0	0	0	0	0	0	0	0	0	0	0	0	0	0	0	0	0	0	0	0	0	0	0	0	0	0	0	0	0	0	0	0	0	10920	0	0	false	true	2	3	4	0	false	0	false	0	false	0	false	0
805309080	1	10000	0	0	0	0	0	0	0	0	0	0	0	0	0	0	0	0	0	0	0	0	0	25688	0	0	0	0	0	0	0	0	0	0	0	0	0	0	0	0	0	0	0	0	0	0	0	0	0	0	0	0	0	0	0	0	10920	0	0	false	true	2	3	4	0	false	0	false	0	false	0	false	0
805309081	1	10000	0	0	0	0	0	0	0	0	0	0	0	0	0	0	0	0	0	0	0	0	0	0	0	0	0	0	25690	0	0	0	0	0	0	0	0	0	0	0	0	0	0	0	0	0	0	0	0	0	0	0	0	0	0	0	10920	0	0	false	true	2	3	4	0	false	0	false	0	false	0	false	0
805309082	1	10000	0	0	0	0	0	0	0	0	0	0	0	0	0	0	0	0	0	0	0	0	0	0	0	0	0	0	0	0	0	0	0	25793	0	0	0	0	0	0	0	0	0	0	0	0	0	0	0	0	0	0	0	0	0	0	10920	0	0	false	true	2	3	4	0	false	0	false	0	false	0	false	0
805309083	1	10000	0	0	0	0	0	0	0	0	0	0	0	0	0	0	0	0	0	0	0	0	0	0	0	0	0	0	0	0	0	0	0	0	0	0	0	0	33226	0	0	0	0	0	0	0	0	0	0	0	0	0	0	0	0	0	10920	0	0	false	true	2	3	4	0	false	0	false	0	false	0	false	0
805309084	1	10000	0	0	0	0	0	0	0	0	0	0	0	0	0	0	0	0	0	0	0	0	0	0	0	0	0	0	0	0	0	0	0	0	0	0	0	0	25793	0	0	0	0	0	0	0	0	0	0	0	0	0	0	0	0	0	10920	0	0	false	true	2	3	4	0	false	0	false	0	false	0	false	0
805312295	1	10000	0	0	0	0	0	0	0	0	0	0	0	0	0	0	0	0	0	0	0	0	0	0	0	0	0	0	0	0	0	0	0	0	0	0	0	0	0	0	0	0	0	0	0	0	0	0	63186	0	0	0	0	0	0	0	10920	0	0	false	true	2	3	4	0	false	0	false	0	false	0	false	0
1073791217	9	0	1	0	6322	6321	0	0	6323	6322	6321	0	0	6323	6322	6321	0	0	6323	6322	6321	0	0	6323	6322	6321	0	0	6323	6322	6321	0	0	6323	6322	6321	0	0	6323	6322	6321	0	0	6323	6322	6321	0	0	6323	6322	6321	0	0	0	0	0	10920	17308928	0	false	false	0	0	0	0	true	1000021440	false	0	false	0	false	0
1073791218	10	0	1	0	6575	6574	0	0	6577	6575	6574	0	0	6577	6575	6574	0	0	6577	6575	6574	0	0	6577	6575	6574	0	0	6577	6575	6574	0	0	6577	6575	6574	0	0	6577	6575	6574	0	0	6577	6575	6574	0	0	6577	6575	6574	0	0	0	0	0	10920	17308928	0	false	false	0	0	0	0	true	1000021440	false	0	false	0	false	0
1073791219	10	0	1	0	6575	6574	0	0	6577	6575	6574	0	0	6577	6575	6574	0	0	6577	6575	6574	0	0	6577	6575	6574	0	0	6577	6575	6574	0	0	6577	6575	6574	0	0	6577	6575	6574	0	0	6577	6575	6574	0	0	6577	6575	6574	0	0	0	0	0	10920	17308928	0	false	false	0	0	0	0	true	1000021440	false	0	false	0	false	0
1073791220	7	0	1	0	0	6475	0	0	0	0	6475	0	0	0	0	6475	0	0	0	0	6475	0	0	0	0	6475	0	0	0	0	6475	0	0	0	0	6475	0	0	0	0	6475	0	0	0	0	6475	0	0	0	0	6475	0	0	0	0	0	10920	17308928	0	false	false	0	0	0	0	true	1000021440	false	0	false	0	false	0
1073791221	7	0	1	0	0	6475	0	0	0	0	6475	0	0	0	0	6475	0	0	0	0	6475	0	0	0	0	6475	0	0	0	0	6475	0	0	0	0	6475	0	0	0	0	6475	0	0	0	0	6475	0	0	0	0	6475	0	0	0	0	0	10920	17308928	0	false	false	0	0	0	0	true	1000021440	false	0	false	0	false	0
1073791222	7	0	1	0	0	6475	0	0	0	0	6475	0	0	0	0	6475	0	0	0	0	6475	0	0	0	0	6475	0	0	0	0	6475	0	0	0	0	6475	0	0	0	0	6475	0	0	0	0	6475	0	0	0	0	6475	0	0	0	0	0	10920	17308928	0	false	false	0	0	0	0	true	1000021440	false	0	false	0	false	0
1073791223	7	0	1	0	0	6475	0	0	0	0	6475	0	0	0	0	6475	0	0	0	0	6475	0	0	0	0	6475	0	0	0	0	6475	0	0	0	0	6475	0	0	0	0	6475	0	0	0	0	6475	0	0	0	0	6475	0	0	0	0	0	10920	17308928	0	false	false	0	0	0	0	true	1000021440	false	0	false	0	false	0
1073791224	5	0	1	0	0	0	0	0	0	0	0	0	0	0	0	0	0	0	0	0	0	0	0	0	0	0	0	0	0	0	0	0	0	0	0	0	0	0	0	0	0	0	0	0	0	0	0	0	0	0	0	0	0	0	0	0	10920	17308928	0	false	false	0	0	0	0	true	1000021440	false	0	false	0	false	0
1073791225	6	0	1	0	6418	6422	0	0	6482	6418	6422	0	0	6482	6418	6422	0	0	6482	6418	6422	0	0	6482	6418	6422	0	0	6482	6418	6422	0	0	6482	6418	6422	0	0	6482	6418	6422	0	0	6482	6418	6422	0	0	6482	6418	6422	0	0	0	0	0	10920	17308928	0	false	false	0	0	0	0	true	1000021440	false	0	false	0	false	0
1073791226	6	0	1	0	6418	6422	0	0	6482	6418	6422	0	0	6482	6418	6422	0	0	6482	6418	6422	0	0	6482	6418	6422	0	0	6482	6418	6422	0	0	6482	6418	6422	0	0	6482	6418	6422	0	0	6482	6418	6422	0	0	6482	6418	6422	0	0	0	0	0	10920	17308928	0	false	false	0	0	0	0	true	1000021440	false	0	false	0	false	0
1073791227	11	0	1	0	0	0	0	7512	0	0	0	0	7512	0	0	0	0	7512	0	0	0	0	7512	0	0	0	0	7512	0	0	0	0	7512	0	0	0	0	7512	0	0	0	0	7512	0	0	0	0	7512	0	0	0	0	7512	0	0	1	10920	17308928	0	false	false	0	0	0	0	true	1000021440	false	0	false	0	false	0
1073791228	12	0	1	0	14307	14306	0	0	14308	14307	14306	0	0	14308	14307	14306	0	0	14308	14307	14306	0	0	14308	14307	14306	0	0	14308	14307	14306	0	0	14308	14307	14306	0	0	14308	14307	14306	0	0	14308	14307	14306	0	0	14308	14307	14306	0	0	0	0	0	10920	17308928	0	false	false	0	0	0	0	true	1000021440	false	0	false	0	false	0
805309103	0	0	0	33168	0	0	0	0	0	0	0	0	0	0	0	0	0	0	0	0	0	0	0	0	0	0	0	0	0	0	0	0	0	0	0	0	0	0	0	0	0	0	0	0	0	0	0	0	0	0	0	0	0	0	0	1	10920	0	0	false	true	0	0	0	0	false	0	false	0	false	0	false	0
805309104	0	0	0	0	0	0	0	0	65142	0	0	0	0	0	0	0	0	0	0	0	0	0	0	0	0	0	0	0	0	0	0	0	0	0	0	0	0	0	0	0	0	0	0	0	0	0	0	0	0	0	0	0	0	0	0	2	10920	0	0	false	true	0	0	0	0	false	0	false	0	false	0	false	0
805309105	0	0	0	0	0	0	0	0	0	0	0	0	0	33181	0	0	0	0	0	0	0	0	0	0	0	0	0	0	0	0	0	0	0	0	0	0	0	0	0	0	0	0	0	0	0	0	0	0	0	0	0	0	0	0	0	1	10920	0	0	false	true	0	0	0	0	false	0	false	0	false	0	false	0
805309106	0	0	0	0	0	0	0	0	0	0	0	0	0	0	0	0	0	0	33171	0	0	0	0	0	0	0	0	0	0	0	0	0	0	0	0	0	0	0	0	0	0	0	0	0	0	0	0	0	0	0	0	0	0	0	0	1	10920	0	0	false	true	0	0	0	0	false	0	false	0	false	0	false	0
805309107	0	0	0	0	0	0	0	0	0	0	0	0	0	0	0	0	0	0	0	0	0	0	0	33184	0	0	0	0	0	0	0	0	0	0	0	0	0	0	0	0	0	0	0	0	0	0	0	0	0	0	0	0	0	0	0	1	10920	0	0	false	true	0	0	0	0	false	0	false	0	false	0	false	0
805309108	0	0	0	0	0	0	0	0	0	0	0	0	0	0	0	0	0	0	0	0	0	0	0	0	0	0	0	0	33175	0	0	0	0	0	0	0	0	0	0	0	0	0	0	0	0	0	0	0	0	0	0	0	0	0	0	2	10920	0	0	false	true	0	0	0	0	false	0	false	0	false	0	false	0
805309109	0	0	0	0	0	0	0	0	0	0	0	0	0	0	0	0	0	0	0	0	0	0	0	0	0	0	0	0	0	0	0	0	0	33173	0	0	0	0	0	0	0	0	0	0	0	0	0	0	0	0	0	0	0	0	0	0	10920	0	0	false	true	0	0	0	0	false	0	false	0	false	0	false	0
805309110	0	0	0	0	0	0	0	0	0	0	0	0	0	0	0	0	0	0	0	0	0	0	0	0	0	0	0	0	0	0	0	0	0	0	0	0	0	0	33227	0	0	0	0	33227	0	0	0	0	0	0	0	0	0	0	0	0	10920	0	0	false	true	0	0	0	0	false	0	false	0	false	0	false	0
805312296	0	0	0	0	0	0	0	0	0	0	0	0	0	0	0	0	0	0	0	0	0	0	0	0	0	0	0	0	0	0	0	0	0	0	0	0	0	0	0	0	0	0	0	0	0	0	0	0	63185	0	0	0	0	0	0	1	10920	0	0	false	true	0	0	0	0	false	0	false	0	false	0	false	0
805309173	12	0	1	34114	20407	20359	0	0	34114	20407	20359	0	0	34114	20407	20359	0	0	34114	20407	20359	0	0	34114	20407	20359	0	0	34114	20407	20359	0	0	34114	20407	20359	0	0	34114	20407	20359	0	0	34114	20407	20359	0	0	34114	20407	20359	0	0	0	0	0	10920	0	0	false	false	0	0	0	0	false	0	false	0	false	0	false	0
805309186	0	0	1	26370	0	0	0	0	0	0	0	0	0	0	0	0	0	0	26367	0	0	0	0	0	0	0	0	0	0	0	0	0	0	0	0	0	0	0	0	0	0	0	0	0	0	0	0	0	0	0	0	0	0	0	0	1	10920	0	0	false	false	0	0	0	0	false	0	false	0	false	0	false	0
805309187	0	0	1	0	0	0	0	0	26365	0	0	0	0	26369	0	0	0	0	0	0	0	0	0	26364	0	0	0	0	26368	0	0	0	0	26366	0	0	0	0	34402	0	0	0	0	42185	0	0	0	0	0	0	0	0	0	0	0	0	10920	0	0	false	false	0	0	0	0	false	0	false	0	false	0	false	0
805309189	0	0	1	34392	0	34427	0	0	34393	0	34428	0	0	34394	0	34429	0	0	34395	0	34430	0	0	34396	0	34431	0	0	34397	0	34432	0	0	34398	0	34433	0	0	34399	0	34434	0	0	34399	0	34434	0	0	0	0	0	0	0	0	0	0	10920	0	0	false	true	0	0	0	0	false	0	false	0	false	0	false	0
805309254	0	0	1	23342	0	0	0	0	23339	0	0	0	0	23348	0	0	0	0	23351	0	0	0	0	23345	0	0	0	0	23354	0	0	0	0	27972	0	0	0	0	23339	0	0	0	0	23339	0	0	0	0	0	0	0	0	0	0	0	2	10920	0	0	false	true	0	0	0	0	false	0	false	0	false	0	false	0
805309256	0	0	1	26699	0	0	0	0	26700	0	0	0	0	26701	0	0	0	0	26702	0	0	0	0	26703	0	0	0	0	26698	0	0	0	0	26704	0	0	0	0	26700	0	0	0	0	26700	0	0	0	0	0	0	0	0	0	0	0	1	10920	0	0	false	true	0	0	0	0	false	0	false	0	false	0	false	0
805309270	0	0	1	34649	0	0	0	0	34643	0	0	0	0	34648	0	0	0	0	34645	0	0	0	0	34642	0	0	0	0	34646	0	0	0	0	34644	0	0	0	0	34647	0	0	0	0	39845	0	0	0	0	0	0	0	0	0	0	0	2	10920	0	0	false	false	0	0	0	0	false	0	false	0	false	0	false	0
805309275	11	0	1	0	0	0	0	23332	0	0	0	0	23332	0	0	0	0	23332	0	0	0	0	23332	0	0	0	0	23332	0	0	0	0	23332	0	0	0	0	23332	0	0	0	0	23332	0	0	0	0	23332	0	0	0	0	23332	0	0	0	10920	0	0	false	false	0	0	0	0	false	0	false	0	false	0	false	0
805309280	9	0	1	34731	7505	7504	0	0	0	0	0	0	0	0	0	0	0	0	0	0	0	0	0	0	0	0	0	0	0	0	0	0	0	0	0	0	0	0	0	0	0	0	0	0	0	0	0	0	0	0	0	0	0	0	0	0	10920	0	0	false	false	0	0	0	0	false	0	false	0	false	0	false	0
805309281	9	0	1	0	0	0	0	0	34732	7496	7495	0	0	0	0	0	0	0	0	0	0	0	0	0	0	0	0	0	0	0	0	0	0	0	0	0	0	0	0	0	0	0	0	0	0	0	0	0	0	0	0	0	0	0	0	0	10920	0	0	false	false	0	0	0	0	false	0	false	0	false	0	false	0
805309282	9	0	1	0	0	0	0	0	0	0	0	0	0	34733	7502	7501	0	0	0	0	0	0	0	0	0	0	0	0	0	0	0	0	0	0	0	0	0	0	0	0	0	0	0	0	0	0	0	0	0	0	0	0	0	0	0	0	10920	0	0	false	false	0	0	0	0	false	0	false	0	false	0	false	0
805309283	9	0	1	0	0	0	0	0	0	0	0	0	0	0	0	0	0	0	34734	7499	7498	0	0	0	0	0	0	0	0	0	0	0	0	0	0	0	0	0	0	0	0	0	0	0	0	0	0	0	0	0	0	0	0	0	0	0	10920	0	0	false	false	0	0	0	0	false	0	false	0	false	0	false	0
805309284	9	0	1	0	0	0	0	0	0	0	0	0	0	0	0	0	0	0	0	0	0	0	0	34735	7493	7492	0	0	0	0	0	0	0	0	0	0	0	0	0	0	0	0	0	0	0	0	0	0	0	0	0	0	0	0	0	0	10920	0	0	false	false	0	0	0	0	false	0	false	0	false	0	false	0
805309285	9	0	1	0	0	0	0	0	0	0	0	0	0	0	0	0	0	0	0	0	0	0	0	0	0	0	0	0	34778	18837	18836	0	0	0	0	0	0	0	0	0	0	0	0	0	0	0	0	0	0	0	0	0	0	0	0	0	10920	0	0	false	false	0	0	0	0	false	0	false	0	false	0	false	0
805309286	9	0	1	0	0	0	0	0	0	0	0	0	0	0	0	0	0	0	0	0	0	0	0	0	0	0	0	0	0	0	0	0	0	34736	25438	25439	0	0	0	0	0	0	0	0	0	0	0	0	0	0	0	0	0	0	0	0	10920	0	0	false	false	0	0	0	0	false	0	false	0	false	0	false	0
805309287	9	0	1	34738	7505	7504	0	0	0	0	0	0	0	0	0	0	0	0	0	0	0	0	0	0	0	0	0	0	0	0	0	0	0	0	0	0	0	0	0	0	0	0	0	0	0	0	0	0	0	0	0	0	0	0	0	0	10920	0	0	false	false	0	0	0	0	false	0	false	0	false	0	false	0
805309288	9	0	1	0	0	0	0	0	34739	7496	7495	0	0	0	0	0	0	0	0	0	0	0	0	0	0	0	0	0	0	0	0	0	0	0	0	0	0	0	0	0	0	0	0	0	0	0	0	0	0	0	0	0	0	0	0	0	10920	0	0	false	false	0	0	0	0	false	0	false	0	false	0	false	0
805309289	9	0	1	0	0	0	0	0	0	0	0	0	0	34740	7502	7501	0	0	0	0	0	0	0	0	0	0	0	0	0	0	0	0	0	0	0	0	0	0	0	0	0	0	0	0	0	0	0	0	0	0	0	0	0	0	0	0	10920	0	0	false	false	0	0	0	0	false	0	false	0	false	0	false	0
805309290	9	0	1	0	0	0	0	0	0	0	0	0	0	0	0	0	0	0	34741	7499	7498	0	0	0	0	0	0	0	0	0	0	0	0	0	0	0	0	0	0	0	0	0	0	0	0	0	0	0	0	0	0	0	0	0	0	0	10920	0	0	false	false	0	0	0	0	false	0	false	0	false	0	false	0
805309291	9	0	1	0	0	0	0	0	0	0	0	0	0	0	0	0	0	0	0	0	0	0	0	34742	7493	7492	0	0	0	0	0	0	0	0	0	0	0	0	0	0	0	0	0	0	0	0	0	0	0	0	0	0	0	0	0	0	10920	0	0	false	false	0	0	0	0	false	0	false	0	false	0	false	0
805309292	9	0	1	0	0	0	0	0	0	0	0	0	0	0	0	0	0	0	0	0	0	0	0	0	0	0	0	0	34779	18837	18836	0	0	0	0	0	0	0	0	0	0	0	0	0	0	0	0	0	0	0	0	0	0	0	0	0	10920	0	0	false	false	0	0	0	0	false	0	false	0	false	0	false	0
805309293	9	0	1	0	0	0	0	0	0	0	0	0	0	0	0	0	0	0	0	0	0	0	0	0	0	0	0	0	0	0	0	0	0	34743	25438	25439	0	0	0	0	0	0	0	0	0	0	0	0	0	0	0	0	0	0	0	0	10920	0	0	false	false	0	0	0	0	false	0	false	0	false	0	false	0
805309301	0	0	1	35257	0	0	0	0	35258	0	0	0	0	35259	0	0	0	0	35260	0	0	0	0	35261	0	0	0	0	35262	0	0	0	0	35263	0	0	0	0	35264	0	0	0	0	39836	0	0	0	0	68478	0	0	0	0	0	0	0	10920	0	0	false	true	0	0	0	0	false	0	false	0	false	0	false	0
805309316	0	0	1	34917	14112	14113	0	0	34911	14117	14118	0	0	34916	14122	14123	0	0	34913	14127	14128	0	0	34910	14132	14133	0	0	34914	18698	18699	0	0	34912	34919	34921	0	0	34915	34920	34922	0	0	0	0	0	0	0	0	0	0	0	0	0	0	0	10920	0	0	true	true	0	0	0	0	false	0	false	0	false	0	false	0
805309317	9	0	1	34918	6342	6341	0	0	34918	6342	6341	0	0	34918	6342	6341	0	0	34918	6342	6341	0	0	34918	6342	6341	0	0	34918	6342	6341	0	0	34918	6342	6341	0	0	34918	6342	6341	0	0	34918	6342	6341	0	0	34918	6342	6341	0	0	0	0	0	10920	0	0	false	false	0	0	0	0	false	0	false	0	false	0	false	0
805309329	0	0	1	6416	6415	6414	0	0	6407	6406	6405	0	0	6413	6412	6411	0	0	6410	6409	6408	0	0	6404	6403	6402	0	0	17560	17561	17562	0	0	26649	26650	26651	0	0	32215	33109	33110	0	0	38496	38494	38493	0	0	0	0	0	0	0	0	0	0	10920	872415837	0	true	false	0	0	0	0	true	1000084790	false	0	false	0	false	0
805309330	0	0	1	6401	6398	6397	0	0	6386	6383	6382	0	0	6396	6393	6392	0	0	6391	6388	6387	0	0	6381	6378	6377	0	0	17540	17558	17559	0	0	27656	27344	27345	0	0	32181	33111	33112	0	0	38477	38474	38473	0	0	0	0	0	0	0	0	0	0	10920	872415837	0	true	false	0	0	0	0	true	1000084790	false	0	false	0	false	0
805309331	0	0	1	6400	6398	6397	0	0	6385	6383	6382	0	0	6395	6393	6392	0	0	6390	6388	6387	0	0	6380	6378	6377	0	0	17541	17558	17559	0	0	27343	27344	27345	0	0	32179	33111	33112	0	0	38476	38474	38473	0	0	0	0	0	0	0	0	0	0	10920	872415837	0	true	false	0	0	0	0	true	1000084790	false	0	false	0	false	0
805309332	0	0	1	6399	6398	6397	0	0	6384	6383	6382	0	0	6394	6393	6392	0	0	6389	6388	6387	0	0	6379	6378	6377	0	0	17542	17558	17559	0	0	27655	27344	27345	0	0	32180	33111	33112	0	0	38475	38474	38473	0	0	0	0	0	0	0	0	0	0	10920	872415837	0	true	false	0	0	0	0	true	1000084790	false	0	false	0	false	0
805309333	0	0	1	17087	12857	12866	0	0	17088	12859	12868	0	0	17089	12860	12869	0	0	17090	12861	12870	0	0	17091	12862	12871	0	0	35309	19583	19584	0	0	35310	27347	27348	0	0	32194	33113	33114	0	0	38485	38484	38483	0	0	0	0	0	0	0	0	0	0	10920	872415837	0	true	false	0	0	0	0	true	1000084790	false	0	false	0	false	0
805309334	0	0	1	12815	12857	12866	0	0	12828	12859	12868	0	0	12840	12860	12869	0	0	12852	12861	12870	0	0	12854	12862	12871	0	0	19582	19583	19584	0	0	27346	27347	27348	0	0	32195	33113	33114	0	0	38486	38484	38483	0	0	0	0	0	0	0	0	0	0	10920	872415837	0	true	false	0	0	0	0	true	1000084790	false	0	false	0	false	0
805309335	0	0	1	17092	12857	12866	0	0	17093	12859	12868	0	0	17094	12860	12869	0	0	17095	12861	12870	0	0	17096	12862	12871	0	0	21494	19583	19584	0	0	35311	27347	27348	0	0	32196	33113	33114	0	0	38487	38484	38483	0	0	0	0	0	0	0	0	0	0	10920	872415837	0	true	false	0	0	0	0	true	1000084790	false	0	false	0	false	0
805309336	0	0	1	12810	0	0	0	0	12826	0	0	0	0	12838	0	0	0	0	12850	0	0	0	0	17101	0	0	0	0	29301	0	0	0	0	26696	0	0	0	0	32211	0	0	0	0	38503	0	0	0	0	0	0	0	0	0	0	0	0	10920	872415837	0	true	false	0	0	0	0	true	1000084790	false	0	false	0	false	0
805309337	0	0	1	12811	0	0	0	0	12827	0	0	0	0	12839	0	0	0	0	12851	0	0	0	0	17100	0	0	0	0	21495	0	0	0	0	26697	0	0	0	0	32212	0	0	0	0	38504	0	0	0	0	0	0	0	0	0	0	0	0	10920	872415837	0	true	false	0	0	0	0	true	1000084790	false	0	false	0	false	0
805309338	0	0	1	12809	0	0	0	0	12825	0	0	0	0	12837	0	0	0	0	12849	0	0	0	0	12853	0	0	0	0	19581	0	0	0	0	26695	0	0	0	0	32210	0	0	0	0	38502	0	0	0	0	0	0	0	0	0	0	0	0	10920	872415837	0	true	false	0	0	0	0	true	1000084790	false	0	false	0	false	0
805309339	0	0	1	16787	16789	16790	0	0	16792	16794	16795	0	0	16797	16799	16800	0	0	16802	16804	16805	0	0	16807	16809	16810	0	0	35312	19554	19555	0	0	32174	26259	26260	0	0	32192	33093	33094	0	0	38462	38460	38459	0	0	0	0	0	0	0	0	0	0	10920	872415837	0	true	false	0	0	0	0	true	1000084790	false	0	false	0	false	0
805309340	0	0	1	16788	16789	16790	0	0	16793	16794	16795	0	0	16798	16799	16800	0	0	16803	16804	16805	0	0	16808	16809	16810	0	0	21496	19554	19555	0	0	26258	26259	26260	0	0	32193	33093	33094	0	0	38463	38460	38459	0	0	0	0	0	0	0	0	0	0	10920	872415837	0	true	false	0	0	0	0	true	1000084790	false	0	false	0	false	0
805309341	0	0	1	16786	16789	16790	0	0	16791	16794	16795	0	0	16796	16799	16800	0	0	16801	16804	16805	0	0	16806	16809	16810	0	0	19553	19554	19555	0	0	32168	26259	26260	0	0	32191	33093	33094	0	0	38461	38460	38459	0	0	0	0	0	0	0	0	0	0	10920	872415837	0	true	false	0	0	0	0	true	1000084790	false	0	false	0	false	0
805309342	0	0	1	20266	20302	20303	0	0	20304	20274	20306	0	0	20307	20279	20308	0	0	20309	20311	20312	0	0	20313	20314	20315	0	0	20291	20294	20317	0	0	27626	27628	27629	0	0	32184	33115	33116	0	0	38499	38498	38497	0	0	0	0	0	0	0	0	0	0	10920	872415837	0	true	false	0	0	0	0	true	1000084790	false	0	false	0	false	0
805309343	0	0	1	20301	20302	20303	0	0	20273	20274	20306	0	0	20277	20279	20308	0	0	20310	20311	20312	0	0	20287	20314	20315	0	0	20316	20294	20317	0	0	27625	27628	27629	0	0	32185	33115	33116	0	0	38500	38498	38497	0	0	0	0	0	0	0	0	0	0	10920	872415837	0	true	false	0	0	0	0	true	1000084790	false	0	false	0	false	0
805309344	0	0	1	20268	20302	20303	0	0	20305	20274	20306	0	0	20278	20279	20308	0	0	20283	20311	20312	0	0	20288	20314	20315	0	0	20293	20294	20317	0	0	27627	27628	27629	0	0	32186	33115	33116	0	0	38501	38498	38497	0	0	0	0	0	0	0	0	0	0	10920	872415837	0	true	false	0	0	0	0	true	1000084790	false	0	false	0	false	0
805309345	0	0	1	22058	22074	22050	0	0	22061	22075	22051	0	0	22064	22076	22052	0	0	22067	22077	22053	0	0	22070	22078	22054	0	0	22073	22079	22055	0	0	35313	35314	35315	0	0	35316	35317	35318	0	0	38480	38479	38478	0	0	0	0	0	0	0	0	0	0	10920	872415837	0	true	false	0	0	0	0	true	1000084790	false	0	false	0	false	0
805309346	0	0	1	22057	22074	22050	0	0	22060	22075	22051	0	0	22063	22076	22052	0	0	22066	22077	22053	0	0	22069	22078	22054	0	0	22072	22079	22055	0	0	35319	35314	35315	0	0	35320	35317	35318	0	0	38481	38479	38478	0	0	0	0	0	0	0	0	0	0	10920	872415837	0	true	false	0	0	0	0	true	1000084790	false	0	false	0	false	0
805309347	0	0	1	22056	22074	22050	0	0	22059	22075	22051	0	0	22062	22076	22052	0	0	22065	22077	22053	0	0	22068	22078	22054	0	0	22071	22079	22055	0	0	35321	35314	35315	0	0	35322	35317	35318	0	0	38482	38479	38478	0	0	0	0	0	0	0	0	0	0	10920	872415837	0	true	false	0	0	0	0	true	1000084790	false	0	false	0	false	0
805309348	0	0	1	22088	22104	22080	0	0	22091	22105	22081	0	0	22094	22106	22082	0	0	22097	22107	22083	0	0	22100	22108	22084	0	0	22103	22109	22085	0	0	27630	27631	27632	0	0	32182	33095	33096	0	0	38466	38465	38464	0	0	65237	65236	65235	0	0	0	0	0	10920	872415837	0	true	false	0	0	0	0	true	1000084790	false	0	false	0	false	0
805309349	0	0	1	22087	22104	22080	0	0	22090	22105	22081	0	0	22093	22106	22082	0	0	22096	22107	22083	0	0	22099	22108	22084	0	0	22102	22109	22085	0	0	27634	27631	27632	0	0	35323	33095	33096	0	0	38467	38465	38464	0	0	0	0	0	0	0	0	0	0	10920	872415837	0	true	false	0	0	0	0	true	1000084790	false	0	false	0	false	0
805309350	0	0	1	22086	22104	22080	0	0	22089	22105	22081	0	0	22092	22106	22082	0	0	22095	22107	22083	0	0	22098	22108	22084	0	0	22101	22109	22085	0	0	27633	27631	27632	0	0	32183	33095	33096	0	0	38468	38465	38464	0	0	0	0	0	0	0	0	0	0	10920	872415837	0	true	false	0	0	0	0	true	1000084790	false	0	false	0	false	0
805309351	0	0	1	25086	24676	24683	0	0	25087	24677	24684	0	0	25088	24678	24685	0	0	25089	24679	24686	0	0	25090	24680	24687	0	0	25091	24681	24688	0	0	25092	24682	24689	0	0	32197	35324	35325	0	0	38490	38489	38488	0	0	0	0	0	0	0	0	0	0	10920	872415837	0	true	false	0	0	0	0	true	1000084790	false	0	false	0	false	0
805309352	0	0	1	25093	24676	24683	0	0	25094	24677	24684	0	0	25095	24678	24685	0	0	25096	24679	24686	0	0	25097	24680	24687	0	0	25098	24681	24688	0	0	25099	24682	24689	0	0	32198	35324	35325	0	0	38491	38489	38488	0	0	0	0	0	0	0	0	0	0	10920	872415837	0	true	false	0	0	0	0	true	1000084790	false	0	false	0	false	0
805309353	0	0	1	25100	24676	24683	0	0	25101	24677	24684	0	0	25102	24678	24685	0	0	25103	24679	24686	0	0	25104	24680	24687	0	0	25105	24681	24688	0	0	25106	24682	24689	0	0	32199	35324	35325	0	0	38492	38489	38488	0	0	0	0	0	0	0	0	0	0	10920	872415837	0	true	false	0	0	0	0	true	1000084790	false	0	false	0	false	0
805309354	0	0	1	35336	22532	22527	0	0	35337	22533	22528	0	0	35338	22534	22529	0	0	35339	22535	22530	0	0	35340	22536	22531	0	0	35341	23076	23075	0	0	35326	35327	35328	0	0	35329	35330	35331	0	0	38472	38469	38530	0	0	0	0	0	0	0	0	0	0	10920	872415837	0	true	false	0	0	0	0	true	1000084790	false	0	false	0	false	0
805309355	0	0	1	22522	22532	22527	0	0	22523	22533	22528	0	0	22524	22534	22529	0	0	22525	22535	22530	0	0	22526	22536	22531	0	0	23074	23076	23075	0	0	35332	35327	35328	0	0	35333	35330	35331	0	0	38471	38469	38530	0	0	0	0	0	0	0	0	0	0	10920	872415837	0	true	false	0	0	0	0	true	1000084790	false	0	false	0	false	0
805309356	0	0	1	35342	22532	22527	0	0	35343	22533	22528	0	0	35344	22534	22529	0	0	35345	22535	22530	0	0	35346	22536	22531	0	0	35347	23076	23075	0	0	35334	35327	35328	0	0	35335	35330	35331	0	0	38470	38469	38530	0	0	0	0	0	0	0	0	0	0	10920	872415837	0	true	false	0	0	0	0	true	1000084790	false	0	false	0	false	0
805309357	10	0	1	6581	6580	6579	0	0	6581	6580	6579	0	0	6581	6580	6579	0	0	6581	6580	6579	0	0	6581	6580	6579	0	0	6581	6580	6579	0	0	6581	6580	6579	0	0	6581	6580	6579	0	0	6581	6580	6579	0	0	6581	6580	6579	0	0	0	0	0	10920	872415837	0	false	false	0	0	0	0	true	1000084790	false	0	false	0	false	0
805309358	10	0	1	6578	6575	6574	0	0	6578	6575	6574	0	0	6578	6575	6574	0	0	6578	6575	6574	0	0	6578	6575	6574	0	0	6578	6575	6574	0	0	6578	6575	6574	0	0	6578	6575	6574	0	0	6578	6575	6574	0	0	6578	6575	6574	0	0	0	0	0	10920	872415837	0	false	false	0	0	0	0	true	1000084790	false	0	false	0	false	0
805309359	10	0	1	6577	6575	6574	0	0	6577	6575	6574	0	0	6577	6575	6574	0	0	6577	6575	6574	0	0	6577	6575	6574	0	0	6577	6575	6574	0	0	6577	6575	6574	0	0	6577	6575	6574	0	0	6577	6575	6574	0	0	6577	6575	6574	0	0	0	0	0	10920	872415837	0	false	false	0	0	0	0	true	1000084790	false	0	false	0	false	0
805309360	10	0	1	6576	6575	6574	0	0	6576	6575	6574	0	0	6576	6575	6574	0	0	6576	6575	6574	0	0	6576	6575	6574	0	0	6576	6575	6574	0	0	6576	6575	6574	0	0	6576	6575	6574	0	0	6576	6575	6574	0	0	6576	6575	6574	0	0	0	0	0	10920	872415837	0	false	false	0	0	0	0	true	1000084790	false	0	false	0	false	0
805309361	10	0	1	17097	12858	12867	0	0	17097	12858	12867	0	0	17097	12858	12867	0	0	17097	12858	12867	0	0	17097	12858	12867	0	0	17097	12858	12867	0	0	17097	12858	12867	0	0	17097	12858	12867	0	0	17097	12858	12867	0	0	17097	12858	12867	0	0	0	0	0	10920	872415837	0	false	false	0	0	0	0	true	1000084790	false	0	false	0	false	0
805309362	10	0	1	12816	12858	12867	0	0	12816	12858	12867	0	0	12816	12858	12867	0	0	12816	12858	12867	0	0	12816	12858	12867	0	0	12816	12858	12867	0	0	12816	12858	12867	0	0	12816	12858	12867	0	0	12816	12858	12867	0	0	12816	12858	12867	0	0	0	0	0	10920	872415837	0	false	false	0	0	0	0	true	1000084790	false	0	false	0	false	0
805309363	10	0	1	17098	12858	12867	0	0	17098	12858	12867	0	0	17098	12858	12867	0	0	17098	12858	12867	0	0	17098	12858	12867	0	0	17098	12858	12867	0	0	17098	12858	12867	0	0	17098	12858	12867	0	0	17098	12858	12867	0	0	17098	12858	12867	0	0	0	0	0	10920	872415837	0	false	false	0	0	0	0	true	1000084790	false	0	false	0	false	0
805309364	10	0	1	12813	12856	12865	0	0	12813	12856	12865	0	0	12813	12856	12865	0	0	12813	12856	12865	0	0	12813	12856	12865	0	0	12813	12856	12865	0	0	12813	12856	12865	0	0	12813	12856	12865	0	0	12813	12856	12865	0	0	12813	12856	12865	0	0	0	0	0	10920	872415837	0	false	false	0	0	0	0	true	1000084790	false	0	false	0	false	0
805309365	10	0	1	12814	21497	12865	0	0	12814	21497	12865	0	0	12814	21497	12865	0	0	12814	21497	12865	0	0	12814	21497	12865	0	0	12814	21497	12865	0	0	12814	21497	12865	0	0	12814	21497	12865	0	0	12814	21497	12865	0	0	12814	21497	12865	0	0	0	0	0	10920	872415837	0	false	false	0	0	0	0	true	1000084790	false	0	false	0	false	0
805309366	10	0	1	12812	12856	12865	0	0	12812	12856	12865	0	0	12812	12856	12865	0	0	12812	12856	12865	0	0	12812	12856	12865	0	0	12812	12856	12865	0	0	12812	12856	12865	0	0	12812	12856	12865	0	0	12812	12856	12865	0	0	12812	12856	12865	0	0	0	0	0	10920	872415837	0	false	false	0	0	0	0	true	1000084790	false	0	false	0	false	0
805309367	10	0	1	16812	16814	16815	0	0	16812	16814	16815	0	0	16812	16814	16815	0	0	16812	16814	16815	0	0	16812	16814	16815	0	0	16812	16814	16815	0	0	16812	16814	16815	0	0	16812	16814	16815	0	0	16812	16814	16815	0	0	16812	16814	16815	0	0	0	0	0	10920	872415837	0	false	false	0	0	0	0	true	1000084790	false	0	false	0	false	0
805309368	10	0	1	16813	16814	16815	0	0	16813	16814	16815	0	0	16813	16814	16815	0	0	16813	16814	16815	0	0	16813	16814	16815	0	0	16813	16814	16815	0	0	16813	16814	16815	0	0	16813	16814	16815	0	0	16813	16814	16815	0	0	16813	16814	16815	0	0	0	0	0	10920	872415837	0	false	false	0	0	0	0	true	1000084790	false	0	false	0	false	0
805309369	10	0	1	16811	16814	16815	0	0	16811	16814	16815	0	0	16811	16814	16815	0	0	16811	16814	16815	0	0	16811	16814	16815	0	0	16811	16814	16815	0	0	16811	16814	16815	0	0	16811	16814	16815	0	0	16811	16814	16815	0	0	16811	16814	16815	0	0	0	0	0	10920	872415837	0	false	false	0	0	0	0	true	1000084790	false	0	false	0	false	0
805309370	10	0	1	20318	20320	20321	0	0	20318	20320	20321	0	0	20318	20320	20321	0	0	20318	20320	20321	0	0	20318	20320	20321	0	0	20318	20320	20321	0	0	20318	20320	20321	0	0	20318	20320	20321	0	0	20318	20320	20321	0	0	20318	20320	20321	0	0	0	0	0	10920	872415837	0	false	false	0	0	0	0	true	1000084790	false	0	false	0	false	0
805309371	10	0	1	20319	20320	20321	0	0	20319	20320	20321	0	0	20319	20320	20321	0	0	20319	20320	20321	0	0	20319	20320	20321	0	0	20319	20320	20321	0	0	20319	20320	20321	0	0	20319	20320	20321	0	0	20319	20320	20321	0	0	20319	20320	20321	0	0	0	0	0	10920	872415837	0	false	false	0	0	0	0	true	1000084790	false	0	false	0	false	0
805309372	10	0	1	20298	20320	20321	0	0	20298	20320	20321	0	0	20298	20320	20321	0	0	20298	20320	20321	0	0	20298	20320	20321	0	0	20298	20320	20321	0	0	20298	20320	20321	0	0	20298	20320	20321	0	0	20298	20320	20321	0	0	20298	20320	20321	0	0	0	0	0	10920	872415837	0	false	false	0	0	0	0	true	1000084790	false	0	false	0	false	0
805309373	10	0	1	23486	23490	23491	0	0	23486	23490	23491	0	0	23486	23490	23491	0	0	23486	23490	23491	0	0	23486	23490	23491	0	0	23486	23490	23491	0	0	23486	23490	23491	0	0	23486	23490	23491	0	0	23486	23490	23491	0	0	23486	23490	23491	0	0	0	0	0	10920	872415837	0	false	false	0	0	0	0	true	1000084790	false	0	false	0	false	0
805309374	10	0	1	23489	23490	23491	0	0	23489	23490	23491	0	0	23489	23490	23491	0	0	23489	23490	23491	0	0	23489	23490	23491	0	0	23489	23490	23491	0	0	23489	23490	23491	0	0	23489	23490	23491	0	0	23489	23490	23491	0	0	23489	23490	23491	0	0	0	0	0	10920	872415837	0	false	false	0	0	0	0	true	1000084790	false	0	false	0	false	0
805309375	10	0	1	23492	23490	23491	0	0	23492	23490	23491	0	0	23492	23490	23491	0	0	23492	23490	23491	0	0	23492	23490	23491	0	0	23492	23490	23491	0	0	23492	23490	23491	0	0	23492	23490	23491	0	0	23492	23490	23491	0	0	23492	23490	23491	0	0	0	0	0	10920	872415837	0	false	false	0	0	0	0	true	1000084790	false	0	false	0	false	0
805309376	10	0	1	23477	23478	23479	0	0	23477	23478	23479	0	0	23477	23478	23479	0	0	23477	23478	23479	0	0	23477	23478	23479	0	0	23477	23478	23479	0	0	23477	23478	23479	0	0	23477	23478	23479	0	0	23477	23478	23479	0	0	23477	23478	23479	0	0	0	0	0	10920	872415837	0	false	false	0	0	0	0	true	1000084790	false	0	false	0	false	0
805309377	10	0	1	23480	23478	23479	0	0	23480	23478	23479	0	0	23480	23478	23479	0	0	23480	23478	23479	0	0	23480	23478	23479	0	0	23480	23478	23479	0	0	23480	23478	23479	0	0	23480	23478	23479	0	0	23480	23478	23479	0	0	23480	23478	23479	0	0	0	0	0	10920	872415837	0	false	false	0	0	0	0	true	1000084790	false	0	false	0	false	0
805309378	10	0	1	23483	23478	23479	0	0	23483	23478	23479	0	0	23483	23478	23479	0	0	23483	23478	23479	0	0	23483	23478	23479	0	0	23483	23478	23479	0	0	23483	23478	23479	0	0	23483	23478	23479	0	0	23483	23478	23479	0	0	23483	23478	23479	0	0	0	0	0	10920	872415837	0	false	false	0	0	0	0	true	1000084790	false	0	false	0	false	0
805309379	10	0	1	25107	24691	24692	0	0	25107	24691	24692	0	0	25107	24691	24692	0	0	25107	24691	24692	0	0	25107	24691	24692	0	0	25107	24691	24692	0	0	25107	24691	24692	0	0	25107	24691	24692	0	0	25107	24691	24692	0	0	25107	24691	24692	0	0	0	0	0	10920	872415837	0	false	false	0	0	0	0	true	1000084790	false	0	false	0	false	0
805309380	10	0	1	25108	24691	24692	0	0	25108	24691	24692	0	0	25108	24691	24692	0	0	25108	24691	24692	0	0	25108	24691	24692	0	0	25108	24691	24692	0	0	25108	24691	24692	0	0	25108	24691	24692	0	0	25108	24691	24692	0	0	25108	24691	24692	0	0	0	0	0	10920	872415837	0	false	false	0	0	0	0	true	1000084790	false	0	false	0	false	0
805309381	10	0	1	25109	24691	24692	0	0	25109	24691	24692	0	0	25109	24691	24692	0	0	25109	24691	24692	0	0	25109	24691	24692	0	0	25109	24691	24692	0	0	25109	24691	24692	0	0	25109	24691	24692	0	0	25109	24691	24692	0	0	25109	24691	24692	0	0	0	0	0	10920	872415837	0	false	false	0	0	0	0	true	1000084790	false	0	false	0	false	0
805309382	10	0	1	35348	22537	22538	0	0	35348	22537	22538	0	0	35348	22537	22538	0	0	35348	22537	22538	0	0	35348	22537	22538	0	0	35348	22537	22538	0	0	35348	22537	22538	0	0	35348	22537	22538	0	0	35348	22537	22538	0	0	35348	22537	22538	0	0	0	0	0	10920	872415837	0	false	false	0	0	0	0	true	1000084790	false	0	false	0	false	0
805309383	10	0	1	22539	22537	22538	0	0	22539	22537	22538	0	0	22539	22537	22538	0	0	22539	22537	22538	0	0	22539	22537	22538	0	0	22539	22537	22538	0	0	22539	22537	22538	0	0	22539	22537	22538	0	0	22539	22537	22538	0	0	22539	22537	22538	0	0	0	0	0	10920	872415837	0	false	false	0	0	0	0	true	1000084790	false	0	false	0	false	0
805309384	10	0	1	35349	22537	22538	0	0	35349	22537	22538	0	0	35349	22537	22538	0	0	35349	22537	22538	0	0	35349	22537	22538	0	0	35349	22537	22538	0	0	35349	22537	22538	0	0	35349	22537	22538	0	0	35349	22537	22538	0	0	35349	22537	22538	0	0	0	0	0	10920	872415837	0	false	false	0	0	0	0	true	1000084790	false	0	false	0	false	0
805309389	12	0	1	35419	35418	35417	0	0	35419	35418	35417	0	0	35419	35418	35417	0	0	35419	35418	35417	0	0	35419	35418	35417	0	0	35419	35418	35417	0	0	35419	35418	35417	0	0	35419	35418	35417	0	0	35419	35418	35417	0	0	35419	35418	35417	0	0	0	0	0	10920	0	0	false	false	0	0	0	0	false	0	false	0	false	0	false	0
805309390	0	0	1	21168	0	0	0	0	21169	0	0	0	0	21170	0	0	0	0	21171	0	0	0	0	21172	0	0	0	0	21173	0	0	0	0	35739	0	0	0	0	21169	0	0	0	0	43125	0	0	0	0	0	0	0	0	0	0	0	1	10920	0	0	false	true	0	0	0	0	true	0	false	0	false	0	false	0
805309391	0	0	1	21174	0	0	0	0	21175	0	0	0	0	21176	0	0	0	0	21177	0	0	0	0	21178	0	0	0	0	21179	0	0	0	0	35493	0	0	0	0	35494	0	0	0	0	43126	0	0	0	0	0	0	0	0	0	0	0	0	10920	0	0	false	true	0	0	0	0	true	0	false	0	false	0	false	0
805309392	0	0	1	35426	0	0	0	0	35427	0	0	0	0	35428	0	0	0	0	35429	0	0	0	0	35430	0	0	0	0	35431	0	0	0	0	35432	0	0	0	0	35433	0	0	0	0	35433	0	0	0	0	0	0	0	0	0	0	0	2	10920	0	0	false	false	0	0	0	0	false	0	false	0	false	0	false	0
805309408	0	0	1	6416	6415	6414	0	0	6407	6406	6405	0	0	6413	6412	6411	0	0	6410	6409	6408	0	0	6404	6403	6402	0	0	17560	17561	17562	0	0	26649	26650	26651	0	0	32215	33109	33110	0	0	32215	33109	33110	0	0	0	0	0	0	0	0	0	0	10920	17302784	0	true	false	0	0	0	0	true	1000010032	false	0	false	0	false	0
805309409	0	0	1	6401	6398	6397	0	0	6386	6383	6382	0	0	6396	6393	6392	0	0	6391	6388	6387	0	0	6381	6378	6377	0	0	17540	17558	17559	0	0	27656	27344	27345	0	0	32181	33111	33112	0	0	32181	33111	33112	0	0	0	0	0	0	0	0	0	0	10920	17302784	0	true	false	0	0	0	0	true	1000010032	false	0	false	0	false	0
805309410	0	0	1	6400	6398	6397	0	0	6385	6383	6382	0	0	6395	6393	6392	0	0	6390	6388	6387	0	0	6380	6378	6377	0	0	17541	17558	17559	0	0	27343	27344	27345	0	0	32179	33111	33112	0	0	32179	33111	33112	0	0	0	0	0	0	0	0	0	0	10920	17302784	0	true	false	0	0	0	0	true	1000010032	false	0	false	0	false	0
805309411	0	0	1	6399	6398	6397	0	0	6384	6383	6382	0	0	6394	6393	6392	0	0	6389	6388	6387	0	0	6379	6378	6377	0	0	17542	17558	17559	0	0	27655	27344	27345	0	0	32180	33111	33112	0	0	32180	33111	33112	0	0	0	0	0	0	0	0	0	0	10920	17302784	0	true	false	0	0	0	0	true	1000010032	false	0	false	0	false	0
805309412	0	0	1	17087	12857	12866	0	0	17088	12859	12868	0	0	17089	12860	12869	0	0	17090	12861	12870	0	0	17091	12862	12871	0	0	35309	19583	19584	0	0	35310	27347	27348	0	0	32194	33113	33114	0	0	32194	33113	33114	0	0	0	0	0	0	0	0	0	0	10920	17302784	0	true	false	0	0	0	0	true	1000010032	false	0	false	0	false	0
805309413	0	0	1	12815	12857	12866	0	0	12828	12859	12868	0	0	12840	12860	12869	0	0	12852	12861	12870	0	0	12854	12862	12871	0	0	19582	19583	19584	0	0	27346	27347	27348	0	0	32195	33113	33114	0	0	32195	33113	33114	0	0	0	0	0	0	0	0	0	0	10920	17302784	0	true	false	0	0	0	0	true	1000010032	false	0	false	0	false	0
805309414	0	0	1	17092	12857	12866	0	0	17093	12859	12868	0	0	17094	12860	12869	0	0	17095	12861	12870	0	0	17096	12862	12871	0	0	21494	19583	19584	0	0	35311	27347	27348	0	0	32196	33113	33114	0	0	32196	33113	33114	0	0	0	0	0	0	0	0	0	0	10920	17302784	0	true	false	0	0	0	0	true	1000010032	false	0	false	0	false	0
805309415	0	0	1	12810	0	0	0	0	12826	0	0	0	0	12838	0	0	0	0	12850	0	0	0	0	17101	0	0	0	0	29301	0	0	0	0	26696	0	0	0	0	32211	0	0	0	0	32211	0	0	0	0	0	0	0	0	0	0	0	0	10920	17302784	0	true	false	0	0	0	0	true	1000010032	false	0	false	0	false	0
805309416	0	0	1	12811	0	0	0	0	12827	0	0	0	0	12839	0	0	0	0	12851	0	0	0	0	17100	0	0	0	0	21495	0	0	0	0	26697	0	0	0	0	32212	0	0	0	0	32212	0	0	0	0	0	0	0	0	0	0	0	0	10920	17302784	0	true	false	0	0	0	0	true	1000010032	false	0	false	0	false	0
805309417	0	0	1	12809	0	0	0	0	12825	0	0	0	0	12837	0	0	0	0	12849	0	0	0	0	12853	0	0	0	0	19581	0	0	0	0	26695	0	0	0	0	32210	0	0	0	0	32210	0	0	0	0	0	0	0	0	0	0	0	0	10920	17302784	0	true	false	0	0	0	0	true	1000010032	false	0	false	0	false	0
805309418	0	0	1	16787	16789	16790	0	0	16792	16794	16795	0	0	16797	16799	16800	0	0	16802	16804	16805	0	0	16807	16809	16810	0	0	35312	19554	19555	0	0	32174	26259	26260	0	0	32192	33093	33094	0	0	32192	33093	33094	0	0	0	0	0	0	0	0	0	0	10920	17302784	0	true	false	0	0	0	0	true	1000010032	false	0	false	0	false	0
805309419	0	0	1	16788	16789	16790	0	0	16793	16794	16795	0	0	16798	16799	16800	0	0	16803	16804	16805	0	0	16808	16809	16810	0	0	21496	19554	19555	0	0	26258	26259	26260	0	0	32193	33093	33094	0	0	32193	33093	33094	0	0	0	0	0	0	0	0	0	0	10920	17302784	0	true	false	0	0	0	0	true	1000010032	false	0	false	0	false	0
805309420	0	0	1	16786	16789	16790	0	0	16791	16794	16795	0	0	16796	16799	16800	0	0	16801	16804	16805	0	0	16806	16809	16810	0	0	19553	19554	19555	0	0	32168	26259	26260	0	0	32191	33093	33094	0	0	32191	33093	33094	0	0	0	0	0	0	0	0	0	0	10920	17302784	0	true	false	0	0	0	0	true	1000010032	false	0	false	0	false	0
805309421	0	0	1	20266	20302	20303	0	0	20304	20274	20306	0	0	20307	20279	20308	0	0	20309	20311	20312	0	0	20313	20314	20315	0	0	20291	20294	20317	0	0	27626	27628	27629	0	0	32184	33115	33116	0	0	32184	33115	33116	0	0	0	0	0	0	0	0	0	0	10920	17302784	0	true	false	0	0	0	0	true	1000010032	false	0	false	0	false	0
805309422	0	0	1	20301	20302	20303	0	0	20273	20274	20306	0	0	20277	20279	20308	0	0	20310	20311	20312	0	0	20287	20314	20315	0	0	20316	20294	20317	0	0	27625	27628	27629	0	0	32185	33115	33116	0	0	32185	33115	33116	0	0	0	0	0	0	0	0	0	0	10920	17302784	0	true	false	0	0	0	0	true	1000010032	false	0	false	0	false	0
805309423	0	0	1	20268	20302	20303	0	0	20305	20274	20306	0	0	20278	20279	20308	0	0	20283	20311	20312	0	0	20288	20314	20315	0	0	20293	20294	20317	0	0	27627	27628	27629	0	0	32186	33115	33116	0	0	32186	33115	33116	0	0	0	0	0	0	0	0	0	0	10920	17302784	0	true	false	0	0	0	0	true	1000010032	false	0	false	0	false	0
805309424	0	0	1	22058	22074	22050	0	0	22061	22075	22051	0	0	22064	22076	22052	0	0	22067	22077	22053	0	0	22070	22078	22054	0	0	22073	22079	22055	0	0	35313	35314	35315	0	0	35316	35317	35318	0	0	35316	35317	35318	0	0	0	0	0	0	0	0	0	0	10920	17302784	0	true	false	0	0	0	0	true	1000010032	false	0	false	0	false	0
805309425	0	0	1	22057	22074	22050	0	0	22060	22075	22051	0	0	22063	22076	22052	0	0	22066	22077	22053	0	0	22069	22078	22054	0	0	22072	22079	22055	0	0	35319	35314	35315	0	0	35320	35317	35318	0	0	35320	35317	35318	0	0	0	0	0	0	0	0	0	0	10920	17302784	0	true	false	0	0	0	0	true	1000010032	false	0	false	0	false	0
805309426	0	0	1	22056	22074	22050	0	0	22059	22075	22051	0	0	22062	22076	22052	0	0	22065	22077	22053	0	0	22068	22078	22054	0	0	22071	22079	22055	0	0	35321	35314	35315	0	0	35322	35317	35318	0	0	35322	35317	35318	0	0	0	0	0	0	0	0	0	0	10920	17302784	0	true	false	0	0	0	0	true	1000010032	false	0	false	0	false	0
805309427	0	0	1	22088	22104	22080	0	0	22091	22105	22081	0	0	22094	22106	22082	0	0	22097	22107	22083	0	0	22100	22108	22084	0	0	22103	22109	22085	0	0	27630	27631	27632	0	0	32182	33095	33096	0	0	32182	33095	33096	0	0	65237	65236	65235	0	0	0	0	0	10920	17302784	0	true	false	0	0	0	0	true	1000010032	false	0	false	0	false	0
805309428	0	0	1	22087	22104	22080	0	0	22090	22105	22081	0	0	22093	22106	22082	0	0	22096	22107	22083	0	0	22099	22108	22084	0	0	22102	22109	22085	0	0	27634	27631	27632	0	0	35323	33095	33096	0	0	35323	33095	33096	0	0	0	0	0	0	0	0	0	0	10920	17302784	0	true	false	0	0	0	0	true	1000010032	false	0	false	0	false	0
805309429	0	0	1	22086	22104	22080	0	0	22089	22105	22081	0	0	22092	22106	22082	0	0	22095	22107	22083	0	0	22098	22108	22084	0	0	22101	22109	22085	0	0	27633	27631	27632	0	0	32183	33095	33096	0	0	32183	33095	33096	0	0	0	0	0	0	0	0	0	0	10920	17302784	0	true	false	0	0	0	0	true	1000010032	false	0	false	0	false	0
805309430	0	0	1	25086	24676	24683	0	0	25087	24677	24684	0	0	25088	24678	24685	0	0	25089	24679	24686	0	0	25090	24680	24687	0	0	25091	24681	24688	0	0	25092	24682	24689	0	0	32197	35324	35325	0	0	32197	35324	35325	0	0	0	0	0	0	0	0	0	0	10920	17302784	0	true	false	0	0	0	0	true	1000010032	false	0	false	0	false	0
805309431	0	0	1	25093	24676	24683	0	0	25094	24677	24684	0	0	25095	24678	24685	0	0	25096	24679	24686	0	0	25097	24680	24687	0	0	25098	24681	24688	0	0	25099	24682	24689	0	0	32198	35324	35325	0	0	32198	35324	35325	0	0	0	0	0	0	0	0	0	0	10920	17302784	0	true	false	0	0	0	0	true	1000010032	false	0	false	0	false	0
805309432	0	0	1	25100	24676	24683	0	0	25101	24677	24684	0	0	25102	24678	24685	0	0	25103	24679	24686	0	0	25104	24680	24687	0	0	25105	24681	24688	0	0	25106	24682	24689	0	0	32199	35324	35325	0	0	32199	35324	35325	0	0	0	0	0	0	0	0	0	0	10920	17302784	0	true	false	0	0	0	0	true	1000010032	false	0	false	0	false	0
805309433	0	0	1	35336	22532	22527	0	0	35337	22533	22528	0	0	35338	22534	22529	0	0	35339	22535	22530	0	0	35340	22536	22531	0	0	35341	23076	23075	0	0	35326	35327	35328	0	0	35329	35330	35331	0	0	35329	35330	35331	0	0	0	0	0	0	0	0	0	0	10920	17302784	0	true	false	0	0	0	0	true	1000010032	false	0	false	0	false	0
805309434	0	0	1	22522	22532	22527	0	0	22523	22533	22528	0	0	22524	22534	22529	0	0	22525	22535	22530	0	0	22526	22536	22531	0	0	23074	23076	23075	0	0	35332	35327	35328	0	0	35333	35330	35331	0	0	35333	35330	35331	0	0	0	0	0	0	0	0	0	0	10920	17302784	0	true	false	0	0	0	0	true	1000010032	false	0	false	0	false	0
805309435	0	0	1	35342	22532	22527	0	0	35343	22533	22528	0	0	35344	22534	22529	0	0	35345	22535	22530	0	0	35346	22536	22531	0	0	35347	23076	23075	0	0	35334	35327	35328	0	0	35335	35330	35331	0	0	35335	35330	35331	0	0	0	0	0	0	0	0	0	0	10920	17302784	0	true	false	0	0	0	0	true	1000010032	false	0	false	0	false	0
805309436	10	0	1	6581	6580	6579	0	0	6581	6580	6579	0	0	6581	6580	6579	0	0	6581	6580	6579	0	0	6581	6580	6579	0	0	6581	6580	6579	0	0	6581	6580	6579	0	0	6581	6580	6579	0	0	6581	6580	6579	0	0	6581	6580	6579	0	0	0	0	0	10920	17308928	0	false	false	0	0	0	0	true	1000021440	false	0	false	0	false	0
805309437	10	0	1	6578	6575	6574	0	0	6578	6575	6574	0	0	6578	6575	6574	0	0	6578	6575	6574	0	0	6578	6575	6574	0	0	6578	6575	6574	0	0	6578	6575	6574	0	0	6578	6575	6574	0	0	6578	6575	6574	0	0	6578	6575	6574	0	0	0	0	0	10920	17308928	0	false	false	0	0	0	0	true	1000021440	false	0	false	0	false	0
805309438	10	0	1	6577	6575	6574	0	0	6577	6575	6574	0	0	6577	6575	6574	0	0	6577	6575	6574	0	0	6577	6575	6574	0	0	6577	6575	6574	0	0	6577	6575	6574	0	0	6577	6575	6574	0	0	6577	6575	6574	0	0	6577	6575	6574	0	0	0	0	0	10920	17308928	0	false	false	0	0	0	0	true	1000021440	false	0	false	0	false	0
805309439	10	0	1	6576	6575	6574	0	0	6576	6575	6574	0	0	6576	6575	6574	0	0	6576	6575	6574	0	0	6576	6575	6574	0	0	6576	6575	6574	0	0	6576	6575	6574	0	0	6576	6575	6574	0	0	6576	6575	6574	0	0	6576	6575	6574	0	0	0	0	0	10920	17308928	0	false	false	0	0	0	0	true	1000021440	false	0	false	0	false	0
805309440	10	0	1	17097	12858	12867	0	0	17097	12858	12867	0	0	17097	12858	12867	0	0	17097	12858	12867	0	0	17097	12858	12867	0	0	17097	12858	12867	0	0	17097	12858	12867	0	0	17097	12858	12867	0	0	17097	12858	12867	0	0	17097	12858	12867	0	0	0	0	0	10920	17308928	0	false	false	0	0	0	0	true	1000021440	false	0	false	0	false	0
805309441	10	0	1	12816	12858	12867	0	0	12816	12858	12867	0	0	12816	12858	12867	0	0	12816	12858	12867	0	0	12816	12858	12867	0	0	12816	12858	12867	0	0	12816	12858	12867	0	0	12816	12858	12867	0	0	12816	12858	12867	0	0	12816	12858	12867	0	0	0	0	0	10920	17308928	0	false	false	0	0	0	0	true	1000021440	false	0	false	0	false	0
805309442	10	0	1	17098	12858	12867	0	0	17098	12858	12867	0	0	17098	12858	12867	0	0	17098	12858	12867	0	0	17098	12858	12867	0	0	17098	12858	12867	0	0	17098	12858	12867	0	0	17098	12858	12867	0	0	17098	12858	12867	0	0	17098	12858	12867	0	0	0	0	0	10920	17308928	0	false	false	0	0	0	0	true	1000021440	false	0	false	0	false	0
805309443	10	0	1	12813	12856	12865	0	0	12813	12856	12865	0	0	12813	12856	12865	0	0	12813	12856	12865	0	0	12813	12856	12865	0	0	12813	12856	12865	0	0	12813	12856	12865	0	0	12813	12856	12865	0	0	12813	12856	12865	0	0	12813	12856	12865	0	0	0	0	0	10920	17308928	0	false	false	0	0	0	0	true	1000021440	false	0	false	0	false	0
805309444	10	0	1	12814	21497	12865	0	0	12814	21497	12865	0	0	12814	21497	12865	0	0	12814	21497	12865	0	0	12814	21497	12865	0	0	12814	21497	12865	0	0	12814	21497	12865	0	0	12814	21497	12865	0	0	12814	21497	12865	0	0	12814	21497	12865	0	0	0	0	0	10920	17308928	0	false	false	0	0	0	0	true	1000021440	false	0	false	0	false	0
805309445	10	0	1	12812	12856	12865	0	0	12812	12856	12865	0	0	12812	12856	12865	0	0	12812	12856	12865	0	0	12812	12856	12865	0	0	12812	12856	12865	0	0	12812	12856	12865	0	0	12812	12856	12865	0	0	12812	12856	12865	0	0	12812	12856	12865	0	0	0	0	0	10920	17308928	0	false	false	0	0	0	0	true	1000021440	false	0	false	0	false	0
805309446	10	0	1	16812	16814	16815	0	0	16812	16814	16815	0	0	16812	16814	16815	0	0	16812	16814	16815	0	0	16812	16814	16815	0	0	16812	16814	16815	0	0	16812	16814	16815	0	0	16812	16814	16815	0	0	16812	16814	16815	0	0	16812	16814	16815	0	0	0	0	0	10920	17308928	0	false	false	0	0	0	0	true	1000021440	false	0	false	0	false	0
805309447	10	0	1	16813	16814	16815	0	0	16813	16814	16815	0	0	16813	16814	16815	0	0	16813	16814	16815	0	0	16813	16814	16815	0	0	16813	16814	16815	0	0	16813	16814	16815	0	0	16813	16814	16815	0	0	16813	16814	16815	0	0	16813	16814	16815	0	0	0	0	0	10920	17308928	0	false	false	0	0	0	0	true	1000021440	false	0	false	0	false	0
805309448	10	0	1	16811	16814	16815	0	0	16811	16814	16815	0	0	16811	16814	16815	0	0	16811	16814	16815	0	0	16811	16814	16815	0	0	16811	16814	16815	0	0	16811	16814	16815	0	0	16811	16814	16815	0	0	16811	16814	16815	0	0	16811	16814	16815	0	0	0	0	0	10920	17308928	0	false	false	0	0	0	0	true	1000021440	false	0	false	0	false	0
805309449	10	0	1	20318	20320	20321	0	0	20318	20320	20321	0	0	20318	20320	20321	0	0	20318	20320	20321	0	0	20318	20320	20321	0	0	20318	20320	20321	0	0	20318	20320	20321	0	0	20318	20320	20321	0	0	20318	20320	20321	0	0	20318	20320	20321	0	0	0	0	0	10920	17308928	0	false	false	0	0	0	0	true	1000021440	false	0	false	0	false	0
805309450	10	0	1	20319	20320	20321	0	0	20319	20320	20321	0	0	20319	20320	20321	0	0	20319	20320	20321	0	0	20319	20320	20321	0	0	20319	20320	20321	0	0	20319	20320	20321	0	0	20319	20320	20321	0	0	20319	20320	20321	0	0	20319	20320	20321	0	0	0	0	0	10920	17308928	0	false	false	0	0	0	0	true	1000021440	false	0	false	0	false	0
805309451	10	0	1	20298	20320	20321	0	0	20298	20320	20321	0	0	20298	20320	20321	0	0	20298	20320	20321	0	0	20298	20320	20321	0	0	20298	20320	20321	0	0	20298	20320	20321	0	0	20298	20320	20321	0	0	20298	20320	20321	0	0	20298	20320	20321	0	0	0	0	0	10920	17308928	0	false	false	0	0	0	0	true	1000021440	false	0	false	0	false	0
805309452	10	0	1	23486	23490	23491	0	0	23486	23490	23491	0	0	23486	23490	23491	0	0	23486	23490	23491	0	0	23486	23490	23491	0	0	23486	23490	23491	0	0	23486	23490	23491	0	0	23486	23490	23491	0	0	23486	23490	23491	0	0	23486	23490	23491	0	0	0	0	0	10920	17308928	0	false	false	0	0	0	0	true	1000021440	false	0	false	0	false	0
805309453	10	0	1	23489	23490	23491	0	0	23489	23490	23491	0	0	23489	23490	23491	0	0	23489	23490	23491	0	0	23489	23490	23491	0	0	23489	23490	23491	0	0	23489	23490	23491	0	0	23489	23490	23491	0	0	23489	23490	23491	0	0	23489	23490	23491	0	0	0	0	0	10920	17308928	0	false	false	0	0	0	0	true	1000021440	false	0	false	0	false	0
805309454	10	0	1	23492	23490	23491	0	0	23492	23490	23491	0	0	23492	23490	23491	0	0	23492	23490	23491	0	0	23492	23490	23491	0	0	23492	23490	23491	0	0	23492	23490	23491	0	0	23492	23490	23491	0	0	23492	23490	23491	0	0	23492	23490	23491	0	0	0	0	0	10920	17308928	0	false	false	0	0	0	0	true	1000021440	false	0	false	0	false	0
805309455	10	0	1	23477	23478	23479	0	0	23477	23478	23479	0	0	23477	23478	23479	0	0	23477	23478	23479	0	0	23477	23478	23479	0	0	23477	23478	23479	0	0	23477	23478	23479	0	0	23477	23478	23479	0	0	23477	23478	23479	0	0	23477	23478	23479	0	0	0	0	0	10920	17308928	0	false	false	0	0	0	0	true	1000021440	false	0	false	0	false	0
805309456	10	0	1	23480	23478	23479	0	0	23480	23478	23479	0	0	23480	23478	23479	0	0	23480	23478	23479	0	0	23480	23478	23479	0	0	23480	23478	23479	0	0	23480	23478	23479	0	0	23480	23478	23479	0	0	23480	23478	23479	0	0	23480	23478	23479	0	0	0	0	0	10920	17308928	0	false	false	0	0	0	0	true	1000021440	false	0	false	0	false	0
805309457	10	0	1	23483	23478	23479	0	0	23483	23478	23479	0	0	23483	23478	23479	0	0	23483	23478	23479	0	0	23483	23478	23479	0	0	23483	23478	23479	0	0	23483	23478	23479	0	0	23483	23478	23479	0	0	23483	23478	23479	0	0	23483	23478	23479	0	0	0	0	0	10920	17308928	0	false	false	0	0	0	0	true	1000021440	false	0	false	0	false	0
805309458	10	0	1	25107	24691	24692	0	0	25107	24691	24692	0	0	25107	24691	24692	0	0	25107	24691	24692	0	0	25107	24691	24692	0	0	25107	24691	24692	0	0	25107	24691	24692	0	0	25107	24691	24692	0	0	25107	24691	24692	0	0	25107	24691	24692	0	0	0	0	0	10920	17308928	0	false	false	0	0	0	0	true	1000021440	false	0	false	0	false	0
805309459	10	0	1	25108	24691	24692	0	0	25108	24691	24692	0	0	25108	24691	24692	0	0	25108	24691	24692	0	0	25108	24691	24692	0	0	25108	24691	24692	0	0	25108	24691	24692	0	0	25108	24691	24692	0	0	25108	24691	24692	0	0	25108	24691	24692	0	0	0	0	0	10920	17308928	0	false	false	0	0	0	0	true	1000021440	false	0	false	0	false	0
805309460	10	0	1	25109	24691	24692	0	0	25109	24691	24692	0	0	25109	24691	24692	0	0	25109	24691	24692	0	0	25109	24691	24692	0	0	25109	24691	24692	0	0	25109	24691	24692	0	0	25109	24691	24692	0	0	25109	24691	24692	0	0	25109	24691	24692	0	0	0	0	0	10920	17308928	0	false	false	0	0	0	0	true	1000021440	false	0	false	0	false	0
805309461	10	0	1	35348	22537	22538	0	0	35348	22537	22538	0	0	35348	22537	22538	0	0	35348	22537	22538	0	0	35348	22537	22538	0	0	35348	22537	22538	0	0	35348	22537	22538	0	0	35348	22537	22538	0	0	35348	22537	22538	0	0	35348	22537	22538	0	0	0	0	0	10920	17308928	0	false	false	0	0	0	0	true	1000021440	false	0	false	0	false	0
805309462	10	0	1	22539	22537	22538	0	0	22539	22537	22538	0	0	22539	22537	22538	0	0	22539	22537	22538	0	0	22539	22537	22538	0	0	22539	22537	22538	0	0	22539	22537	22538	0	0	22539	22537	22538	0	0	22539	22537	22538	0	0	22539	22537	22538	0	0	0	0	0	10920	17308928	0	false	false	0	0	0	0	true	1000021440	false	0	false	0	false	0
805309463	10	0	1	35349	22537	22538	0	0	35349	22537	22538	0	0	35349	22537	22538	0	0	35349	22537	22538	0	0	35349	22537	22538	0	0	35349	22537	22538	0	0	35349	22537	22538	0	0	35349	22537	22538	0	0	35349	22537	22538	0	0	35349	22537	22538	0	0	0	0	0	10920	17308928	0	false	false	0	0	0	0	true	1000021440	false	0	false	0	false	0
805309512	12	0	1	35992	35991	35990	0	0	35992	35991	35990	0	0	35992	35991	35990	0	0	35992	35991	35990	0	0	35992	35991	35990	0	0	35992	35991	35990	0	0	35992	35991	35990	0	0	35992	35991	35990	0	0	35992	35991	35990	0	0	35992	35991	35990	0	0	0	0	0	10920	0	0	false	false	0	0	0	0	false	0	false	0	false	0	false	0
805309515	5	0	1	0	0	0	0	0	0	0	0	0	0	0	0	0	0	0	0	0	0	0	0	0	0	0	0	0	0	0	0	0	0	0	0	0	0	0	0	0	0	0	0	0	0	0	0	0	0	0	0	0	0	0	0	0	10920	872415627	0	false	false	0	0	0	0	true	1000021440	false	0	false	0	false	0
805309516	0	0	1	36365	0	0	0	0	36366	0	0	0	0	36367	0	0	0	0	36368	0	0	0	0	36369	0	0	0	0	36370	0	0	0	0	36371	0	0	0	0	36372	0	0	0	0	36372	0	0	0	0	0	0	0	0	0	0	0	1	10920	0	0	false	true	0	0	0	0	false	0	false	0	false	0	false	0
805309518	9	0	1	33496	33498	33497	0	0	33496	33498	33497	0	0	33496	33498	33497	0	0	33496	33498	33497	0	0	33496	33498	33497	0	0	33496	33498	33497	0	0	33496	33498	33497	0	0	33496	33498	33497	0	0	33496	33498	33497	0	0	33496	33498	33497	0	0	0	0	0	10920	0	0	false	false	0	0	0	0	false	0	false	0	false	0	false	0
1073851092	7	0	1	0	0	35941	0	0	0	0	35941	0	0	0	0	35941	0	0	0	0	35941	0	0	0	0	35941	0	0	0	0	35941	0	0	0	0	35941	0	0	0	0	35941	0	0	0	0	35941	0	0	0	0	35941	0	0	0	0	0	10920	0	0	false	false	0	0	0	0	false	0	false	0	false	0	false	0
1073851093	7	0	1	0	0	35942	0	0	0	0	35942	0	0	0	0	35942	0	0	0	0	35942	0	0	0	0	35942	0	0	0	0	35942	0	0	0	0	35942	0	0	0	0	35942	0	0	0	0	35942	0	0	0	0	35942	0	0	0	0	0	10920	0	0	false	false	0	0	0	0	false	0	false	0	false	0	false	0
805309525	0	0	1	36562	0	0	0	0	0	0	0	0	0	0	0	0	0	0	0	0	0	0	0	0	0	0	0	0	0	0	0	0	0	0	0	0	0	0	0	0	0	0	0	0	0	0	0	0	0	0	0	0	0	0	0	0	10920	0	0	false	false	0	0	0	0	false	0	false	0	false	0	false	0
805309526	1	0	1	36559	0	0	0	0	0	0	0	0	0	0	0	0	0	0	0	0	0	0	0	0	0	0	0	0	0	0	0	0	0	0	0	0	0	0	0	0	0	0	0	0	0	0	0	0	0	0	0	0	0	0	0	0	10920	0	0	false	false	0	0	0	0	false	0	false	0	false	0	false	0
805309537	2	0	1	36563	0	0	0	0	0	0	0	0	0	0	0	0	0	0	0	0	0	0	0	0	0	0	0	0	0	0	0	0	0	0	0	0	0	0	0	0	0	0	0	0	0	0	0	0	0	0	0	0	0	0	0	0	10920	0	0	false	false	0	0	0	0	false	0	false	0	false	0	false	0
805309538	3	0	1	36561	0	0	0	0	0	0	0	0	0	0	0	0	0	0	0	0	0	0	0	0	0	0	0	0	0	0	0	0	0	0	0	0	0	0	0	0	0	0	0	0	0	0	0	0	0	0	0	0	0	0	0	0	10920	0	0	false	false	0	0	0	0	false	0	false	0	false	0	false	0
805309539	4	0	1	36560	0	0	0	0	0	0	0	0	0	0	0	0	0	0	0	0	0	0	0	0	0	0	0	0	0	0	0	0	0	0	0	0	0	0	0	0	0	0	0	0	0	0	0	0	0	0	0	0	0	0	0	0	10920	0	0	false	false	0	0	0	0	false	0	false	0	false	0	false	0
805309540	0	0	1	0	0	0	0	0	36547	0	0	0	0	0	0	0	0	0	0	0	0	0	0	0	0	0	0	0	0	0	0	0	0	0	0	0	0	0	0	0	0	0	0	0	0	0	0	0	0	0	0	0	0	0	0	0	10920	0	0	false	false	0	0	0	0	false	0	false	0	false	0	false	0
805309541	1	0	1	0	0	0	0	0	36544	0	0	0	0	0	0	0	0	0	0	0	0	0	0	0	0	0	0	0	0	0	0	0	0	0	0	0	0	0	0	0	0	0	0	0	0	0	0	0	0	0	0	0	0	0	0	0	10920	0	0	false	false	0	0	0	0	false	0	false	0	false	0	false	0
805309542	2	0	1	0	0	0	0	0	36548	0	0	0	0	0	0	0	0	0	0	0	0	0	0	0	0	0	0	0	0	0	0	0	0	0	0	0	0	0	0	0	0	0	0	0	0	0	0	0	0	0	0	0	0	0	0	0	10920	0	0	false	false	0	0	0	0	false	0	false	0	false	0	false	0
805309543	3	0	1	0	0	0	0	0	36546	0	0	0	0	0	0	0	0	0	0	0	0	0	0	0	0	0	0	0	0	0	0	0	0	0	0	0	0	0	0	0	0	0	0	0	0	0	0	0	0	0	0	0	0	0	0	0	10920	0	0	false	false	0	0	0	0	false	0	false	0	false	0	false	0
805309544	4	0	1	0	0	0	0	0	36545	0	0	0	0	0	0	0	0	0	0	0	0	0	0	0	0	0	0	0	0	0	0	0	0	0	0	0	0	0	0	0	0	0	0	0	0	0	0	0	0	0	0	0	0	0	0	0	10920	0	0	false	false	0	0	0	0	false	0	false	0	false	0	false	0
805309545	0	0	1	0	0	0	0	0	0	0	0	0	0	36577	0	0	0	0	0	0	0	0	0	0	0	0	0	0	0	0	0	0	0	0	0	0	0	0	0	0	0	0	0	0	0	0	0	0	0	0	0	0	0	0	0	0	10920	0	0	false	false	0	0	0	0	false	0	false	0	false	0	false	0
805309546	1	0	1	0	0	0	0	0	0	0	0	0	0	36574	0	0	0	0	0	0	0	0	0	0	0	0	0	0	0	0	0	0	0	0	0	0	0	0	0	0	0	0	0	0	0	0	0	0	0	0	0	0	0	0	0	0	10920	0	0	false	false	0	0	0	0	false	0	false	0	false	0	false	0
805309547	2	0	1	0	0	0	0	0	0	0	0	0	0	36578	0	0	0	0	0	0	0	0	0	0	0	0	0	0	0	0	0	0	0	0	0	0	0	0	0	0	0	0	0	0	0	0	0	0	0	0	0	0	0	0	0	0	10920	0	0	false	false	0	0	0	0	false	0	false	0	false	0	false	0
805309548	3	0	1	0	0	0	0	0	0	0	0	0	0	36576	0	0	0	0	0	0	0	0	0	0	0	0	0	0	0	0	0	0	0	0	0	0	0	0	0	0	0	0	0	0	0	0	0	0	0	0	0	0	0	0	0	0	10920	0	0	false	false	0	0	0	0	false	0	false	0	false	0	false	0
805309549	4	0	1	0	0	0	0	0	0	0	0	0	0	36575	0	0	0	0	0	0	0	0	0	0	0	0	0	0	0	0	0	0	0	0	0	0	0	0	0	0	0	0	0	0	0	0	0	0	0	0	0	0	0	0	0	0	10920	0	0	false	false	0	0	0	0	false	0	false	0	false	0	false	0
805309550	0	0	1	0	0	0	0	0	0	0	0	0	0	0	0	0	0	0	36592	0	0	0	0	0	0	0	0	0	0	0	0	0	0	0	0	0	0	0	0	0	0	0	0	0	0	0	0	0	0	0	0	0	0	0	0	0	10920	0	0	false	false	0	0	0	0	false	0	false	0	false	0	false	0
805309551	1	0	1	0	0	0	0	0	0	0	0	0	0	0	0	0	0	0	36589	0	0	0	0	0	0	0	0	0	0	0	0	0	0	0	0	0	0	0	0	0	0	0	0	0	0	0	0	0	0	0	0	0	0	0	0	0	10920	0	0	false	false	0	0	0	0	false	0	false	0	false	0	false	0
805309552	2	0	1	0	0	0	0	0	0	0	0	0	0	0	0	0	0	0	36593	0	0	0	0	0	0	0	0	0	0	0	0	0	0	0	0	0	0	0	0	0	0	0	0	0	0	0	0	0	0	0	0	0	0	0	0	0	10920	0	0	false	false	0	0	0	0	false	0	false	0	false	0	false	0
805309553	3	0	1	0	0	0	0	0	0	0	0	0	0	0	0	0	0	0	36591	0	0	0	0	0	0	0	0	0	0	0	0	0	0	0	0	0	0	0	0	0	0	0	0	0	0	0	0	0	0	0	0	0	0	0	0	0	10920	0	0	false	false	0	0	0	0	false	0	false	0	false	0	false	0
805309554	4	0	1	0	0	0	0	0	0	0	0	0	0	0	0	0	0	0	36590	0	0	0	0	0	0	0	0	0	0	0	0	0	0	0	0	0	0	0	0	0	0	0	0	0	0	0	0	0	0	0	0	0	0	0	0	0	10920	0	0	false	false	0	0	0	0	false	0	false	0	false	0	false	0
805309555	0	0	1	0	0	0	0	0	0	0	0	0	0	0	0	0	0	0	0	0	0	0	0	36861	0	0	0	0	0	0	0	0	0	0	0	0	0	0	0	0	0	0	0	0	0	0	0	0	0	0	0	0	0	0	0	1	10920	0	0	false	false	0	0	0	0	false	0	false	0	false	0	false	0
805309556	1	0	1	0	0	0	0	0	0	0	0	0	0	0	0	0	0	0	0	0	0	0	0	36604	0	0	0	0	0	0	0	0	0	0	0	0	0	0	0	0	0	0	0	0	0	0	0	0	0	0	0	0	0	0	0	0	10920	0	0	false	false	0	0	0	0	false	0	false	0	false	0	false	0
805309557	2	0	1	0	0	0	0	0	0	0	0	0	0	0	0	0	0	0	0	0	0	0	0	36608	0	0	0	0	0	0	0	0	0	0	0	0	0	0	0	0	0	0	0	0	0	0	0	0	0	0	0	0	0	0	0	0	10920	0	0	false	false	0	0	0	0	false	0	false	0	false	0	false	0
805309558	3	0	1	0	0	0	0	0	0	0	0	0	0	0	0	0	0	0	0	0	0	0	0	36606	0	0	0	0	0	0	0	0	0	0	0	0	0	0	0	0	0	0	0	0	0	0	0	0	0	0	0	0	0	0	0	0	10920	0	0	false	false	0	0	0	0	false	0	false	0	false	0	false	0
805309559	4	0	1	0	0	0	0	0	0	0	0	0	0	0	0	0	0	0	0	0	0	0	0	36605	0	0	0	0	0	0	0	0	0	0	0	0	0	0	0	0	0	0	0	0	0	0	0	0	0	0	0	0	0	0	0	0	10920	0	0	false	false	0	0	0	0	false	0	false	0	false	0	false	0
805309560	0	0	1	0	0	0	0	0	0	0	0	0	0	0	0	0	0	0	0	0	0	0	0	0	0	0	0	0	36652	0	0	0	0	0	0	0	0	0	0	0	0	0	0	0	0	0	0	0	0	0	0	0	0	0	0	0	10920	0	0	false	false	0	0	0	0	false	0	false	0	false	0	false	0
805309561	1	0	1	0	0	0	0	0	0	0	0	0	0	0	0	0	0	0	0	0	0	0	0	0	0	0	0	0	36649	0	0	0	0	0	0	0	0	0	0	0	0	0	0	0	0	0	0	0	0	0	0	0	0	0	0	0	10920	0	0	false	false	0	0	0	0	false	0	false	0	false	0	false	0
805309562	2	0	1	0	0	0	0	0	0	0	0	0	0	0	0	0	0	0	0	0	0	0	0	0	0	0	0	0	36653	0	0	0	0	0	0	0	0	0	0	0	0	0	0	0	0	0	0	0	0	0	0	0	0	0	0	0	10920	0	0	false	false	0	0	0	0	false	0	false	0	false	0	false	0
805309563	3	0	1	0	0	0	0	0	0	0	0	0	0	0	0	0	0	0	0	0	0	0	0	0	0	0	0	0	36651	0	0	0	0	0	0	0	0	0	0	0	0	0	0	0	0	0	0	0	0	0	0	0	0	0	0	0	10920	0	0	false	false	0	0	0	0	false	0	false	0	false	0	false	0
805309564	4	0	1	0	0	0	0	0	0	0	0	0	0	0	0	0	0	0	0	0	0	0	0	0	0	0	0	0	36650	0	0	0	0	0	0	0	0	0	0	0	0	0	0	0	0	0	0	0	0	0	0	0	0	0	0	0	10920	0	0	false	false	0	0	0	0	false	0	false	0	false	0	false	0
805309565	0	0	1	0	0	0	0	0	0	0	0	0	0	0	0	0	0	0	0	0	0	0	0	0	0	0	0	0	0	0	0	0	0	36622	0	0	0	0	0	0	0	0	0	0	0	0	0	0	0	0	0	0	0	0	0	0	10920	0	0	false	false	0	0	0	0	false	0	false	0	false	0	false	0
805309566	1	0	1	0	0	0	0	0	0	0	0	0	0	0	0	0	0	0	0	0	0	0	0	0	0	0	0	0	0	0	0	0	0	36619	0	0	0	0	0	0	0	0	0	0	0	0	0	0	0	0	0	0	0	0	0	0	10920	0	0	false	false	0	0	0	0	false	0	false	0	false	0	false	0
805309567	2	0	1	0	0	0	0	0	0	0	0	0	0	0	0	0	0	0	0	0	0	0	0	0	0	0	0	0	0	0	0	0	0	36623	0	0	0	0	0	0	0	0	0	0	0	0	0	0	0	0	0	0	0	0	0	0	10920	0	0	false	false	0	0	0	0	false	0	false	0	false	0	false	0
805309568	3	0	1	0	0	0	0	0	0	0	0	0	0	0	0	0	0	0	0	0	0	0	0	0	0	0	0	0	0	0	0	0	0	36621	0	0	0	0	0	0	0	0	0	0	0	0	0	0	0	0	0	0	0	0	0	0	10920	0	0	false	false	0	0	0	0	false	0	false	0	false	0	false	0
805309569	4	0	1	0	0	0	0	0	0	0	0	0	0	0	0	0	0	0	0	0	0	0	0	0	0	0	0	0	0	0	0	0	0	36620	0	0	0	0	0	0	0	0	0	0	0	0	0	0	0	0	0	0	0	0	0	0	10920	0	0	false	false	0	0	0	0	false	0	false	0	false	0	false	0
805309570	0	0	1	0	0	0	0	0	0	0	0	0	0	0	0	0	0	0	0	0	0	0	0	0	0	0	0	0	0	0	0	0	0	0	0	0	0	0	36637	0	0	0	0	36637	0	0	0	0	0	0	0	0	0	0	0	0	10920	0	0	false	false	0	0	0	0	false	0	false	0	false	0	false	0
805309571	1	0	1	0	0	0	0	0	0	0	0	0	0	0	0	0	0	0	0	0	0	0	0	0	0	0	0	0	0	0	0	0	0	0	0	0	0	0	36634	0	0	0	0	36634	0	0	0	0	0	0	0	0	0	0	0	0	10920	0	0	false	false	0	0	0	0	false	0	false	0	false	0	false	0
805309572	2	0	1	0	0	0	0	0	0	0	0	0	0	0	0	0	0	0	0	0	0	0	0	0	0	0	0	0	0	0	0	0	0	0	0	0	0	0	36638	0	0	0	0	36638	0	0	0	0	0	0	0	0	0	0	0	0	10920	0	0	false	false	0	0	0	0	false	0	false	0	false	0	false	0
805309573	3	0	1	0	0	0	0	0	0	0	0	0	0	0	0	0	0	0	0	0	0	0	0	0	0	0	0	0	0	0	0	0	0	0	0	0	0	0	36636	0	0	0	0	36636	0	0	0	0	0	0	0	0	0	0	0	0	10920	0	0	false	false	0	0	0	0	false	0	false	0	false	0	false	0
805309574	4	0	1	0	0	0	0	0	0	0	0	0	0	0	0	0	0	0	0	0	0	0	0	0	0	0	0	0	0	0	0	0	0	0	0	0	0	0	36635	0	0	0	0	36635	0	0	0	0	0	0	0	0	0	0	0	0	10920	0	0	false	false	0	0	0	0	false	0	false	0	false	0	false	0
805309594	0	0	1	36552	0	0	0	0	0	0	0	0	0	0	0	0	0	0	0	0	0	0	0	0	0	0	0	0	0	0	0	0	0	0	0	0	0	0	0	0	0	0	0	0	0	0	0	0	0	0	0	0	0	0	0	0	10920	0	0	false	false	0	0	0	0	false	0	false	0	false	0	false	0
805309595	1	0	1	36549	0	0	0	0	0	0	0	0	0	0	0	0	0	0	0	0	0	0	0	0	0	0	0	0	0	0	0	0	0	0	0	0	0	0	0	0	0	0	0	0	0	0	0	0	0	0	0	0	0	0	0	0	10920	0	0	false	false	0	0	0	0	false	0	false	0	false	0	false	0
805309596	2	0	1	36553	0	0	0	0	0	0	0	0	0	0	0	0	0	0	0	0	0	0	0	0	0	0	0	0	0	0	0	0	0	0	0	0	0	0	0	0	0	0	0	0	0	0	0	0	0	0	0	0	0	0	0	0	10920	0	0	false	false	0	0	0	0	false	0	false	0	false	0	false	0
805309597	3	0	1	36551	0	0	0	0	0	0	0	0	0	0	0	0	0	0	0	0	0	0	0	0	0	0	0	0	0	0	0	0	0	0	0	0	0	0	0	0	0	0	0	0	0	0	0	0	0	0	0	0	0	0	0	0	10920	0	0	false	false	0	0	0	0	false	0	false	0	false	0	false	0
805309598	4	0	1	36550	0	0	0	0	0	0	0	0	0	0	0	0	0	0	0	0	0	0	0	0	0	0	0	0	0	0	0	0	0	0	0	0	0	0	0	0	0	0	0	0	0	0	0	0	0	0	0	0	0	0	0	0	10920	0	0	false	false	0	0	0	0	false	0	false	0	false	0	false	0
805309599	0	0	1	0	0	0	0	0	36537	0	0	0	0	0	0	0	0	0	0	0	0	0	0	0	0	0	0	0	0	0	0	0	0	0	0	0	0	0	0	0	0	0	0	0	0	0	0	0	0	0	0	0	0	0	0	0	10920	0	0	false	false	0	0	0	0	false	0	false	0	false	0	false	0
805309600	1	0	1	0	0	0	0	0	36534	0	0	0	0	0	0	0	0	0	0	0	0	0	0	0	0	0	0	0	0	0	0	0	0	0	0	0	0	0	0	0	0	0	0	0	0	0	0	0	0	0	0	0	0	0	0	0	10920	0	0	false	false	0	0	0	0	false	0	false	0	false	0	false	0
805309601	2	0	1	0	0	0	0	0	36538	0	0	0	0	0	0	0	0	0	0	0	0	0	0	0	0	0	0	0	0	0	0	0	0	0	0	0	0	0	0	0	0	0	0	0	0	0	0	0	0	0	0	0	0	0	0	0	10920	0	0	false	false	0	0	0	0	false	0	false	0	false	0	false	0
805309602	3	0	1	0	0	0	0	0	36536	0	0	0	0	0	0	0	0	0	0	0	0	0	0	0	0	0	0	0	0	0	0	0	0	0	0	0	0	0	0	0	0	0	0	0	0	0	0	0	0	0	0	0	0	0	0	0	10920	0	0	false	false	0	0	0	0	false	0	false	0	false	0	false	0
805309603	4	0	1	0	0	0	0	0	36535	0	0	0	0	0	0	0	0	0	0	0	0	0	0	0	0	0	0	0	0	0	0	0	0	0	0	0	0	0	0	0	0	0	0	0	0	0	0	0	0	0	0	0	0	0	0	0	10920	0	0	false	false	0	0	0	0	false	0	false	0	false	0	false	0
805309604	0	0	1	0	0	0	0	0	0	0	0	0	0	36567	0	0	0	0	0	0	0	0	0	0	0	0	0	0	0	0	0	0	0	0	0	0	0	0	0	0	0	0	0	0	0	0	0	0	0	0	0	0	0	0	0	0	10920	0	0	false	false	0	0	0	0	false	0	false	0	false	0	false	0
805309605	1	0	1	0	0	0	0	0	0	0	0	0	0	36564	0	0	0	0	0	0	0	0	0	0	0	0	0	0	0	0	0	0	0	0	0	0	0	0	0	0	0	0	0	0	0	0	0	0	0	0	0	0	0	0	0	0	10920	0	0	false	false	0	0	0	0	false	0	false	0	false	0	false	0
805309606	2	0	1	0	0	0	0	0	0	0	0	0	0	36568	0	0	0	0	0	0	0	0	0	0	0	0	0	0	0	0	0	0	0	0	0	0	0	0	0	0	0	0	0	0	0	0	0	0	0	0	0	0	0	0	0	0	10920	0	0	false	false	0	0	0	0	false	0	false	0	false	0	false	0
805309607	3	0	1	0	0	0	0	0	0	0	0	0	0	36566	0	0	0	0	0	0	0	0	0	0	0	0	0	0	0	0	0	0	0	0	0	0	0	0	0	0	0	0	0	0	0	0	0	0	0	0	0	0	0	0	0	0	10920	0	0	false	false	0	0	0	0	false	0	false	0	false	0	false	0
805309608	4	0	1	0	0	0	0	0	0	0	0	0	0	36565	0	0	0	0	0	0	0	0	0	0	0	0	0	0	0	0	0	0	0	0	0	0	0	0	0	0	0	0	0	0	0	0	0	0	0	0	0	0	0	0	0	0	10920	0	0	false	false	0	0	0	0	false	0	false	0	false	0	false	0
805309609	0	0	1	0	0	0	0	0	0	0	0	0	0	0	0	0	0	0	36582	0	0	0	0	0	0	0	0	0	0	0	0	0	0	0	0	0	0	0	0	0	0	0	0	0	0	0	0	0	0	0	0	0	0	0	0	0	10920	0	0	false	false	0	0	0	0	false	0	false	0	false	0	false	0
805309610	1	0	1	0	0	0	0	0	0	0	0	0	0	0	0	0	0	0	36579	0	0	0	0	0	0	0	0	0	0	0	0	0	0	0	0	0	0	0	0	0	0	0	0	0	0	0	0	0	0	0	0	0	0	0	0	0	10920	0	0	false	false	0	0	0	0	false	0	false	0	false	0	false	0
805309611	2	0	1	0	0	0	0	0	0	0	0	0	0	0	0	0	0	0	36583	0	0	0	0	0	0	0	0	0	0	0	0	0	0	0	0	0	0	0	0	0	0	0	0	0	0	0	0	0	0	0	0	0	0	0	0	0	10920	0	0	false	false	0	0	0	0	false	0	false	0	false	0	false	0
805309612	3	0	1	0	0	0	0	0	0	0	0	0	0	0	0	0	0	0	36581	0	0	0	0	0	0	0	0	0	0	0	0	0	0	0	0	0	0	0	0	0	0	0	0	0	0	0	0	0	0	0	0	0	0	0	0	0	10920	0	0	false	false	0	0	0	0	false	0	false	0	false	0	false	0
805309613	4	0	1	0	0	0	0	0	0	0	0	0	0	0	0	0	0	0	36580	0	0	0	0	0	0	0	0	0	0	0	0	0	0	0	0	0	0	0	0	0	0	0	0	0	0	0	0	0	0	0	0	0	0	0	0	0	10920	0	0	false	false	0	0	0	0	false	0	false	0	false	0	false	0
805309614	0	0	1	0	0	0	0	0	0	0	0	0	0	0	0	0	0	0	0	0	0	0	0	36859	0	0	0	0	0	0	0	0	0	0	0	0	0	0	0	0	0	0	0	0	0	0	0	0	0	0	0	0	0	0	0	1	10920	0	0	false	false	0	0	0	0	false	0	false	0	false	0	false	0
805309615	1	0	1	0	0	0	0	0	0	0	0	0	0	0	0	0	0	0	0	0	0	0	0	36594	0	0	0	0	0	0	0	0	0	0	0	0	0	0	0	0	0	0	0	0	0	0	0	0	0	0	0	0	0	0	0	0	10920	0	0	false	false	0	0	0	0	false	0	false	0	false	0	false	0
805309616	2	0	1	0	0	0	0	0	0	0	0	0	0	0	0	0	0	0	0	0	0	0	0	36598	0	0	0	0	0	0	0	0	0	0	0	0	0	0	0	0	0	0	0	0	0	0	0	0	0	0	0	0	0	0	0	0	10920	0	0	false	false	0	0	0	0	false	0	false	0	false	0	false	0
805309617	3	0	1	0	0	0	0	0	0	0	0	0	0	0	0	0	0	0	0	0	0	0	0	36596	0	0	0	0	0	0	0	0	0	0	0	0	0	0	0	0	0	0	0	0	0	0	0	0	0	0	0	0	0	0	0	0	10920	0	0	false	false	0	0	0	0	false	0	false	0	false	0	false	0
805309618	4	0	1	0	0	0	0	0	0	0	0	0	0	0	0	0	0	0	0	0	0	0	0	36595	0	0	0	0	0	0	0	0	0	0	0	0	0	0	0	0	0	0	0	0	0	0	0	0	0	0	0	0	0	0	0	0	10920	0	0	false	false	0	0	0	0	false	0	false	0	false	0	false	0
805309619	0	0	1	0	0	0	0	0	0	0	0	0	0	0	0	0	0	0	0	0	0	0	0	0	0	0	0	0	36642	0	0	0	0	0	0	0	0	0	0	0	0	0	0	0	0	0	0	0	0	0	0	0	0	0	0	0	10920	0	0	false	false	0	0	0	0	false	0	false	0	false	0	false	0
805309620	1	0	1	0	0	0	0	0	0	0	0	0	0	0	0	0	0	0	0	0	0	0	0	0	0	0	0	0	36639	0	0	0	0	0	0	0	0	0	0	0	0	0	0	0	0	0	0	0	0	0	0	0	0	0	0	0	10920	0	0	false	false	0	0	0	0	false	0	false	0	false	0	false	0
805309621	2	0	1	0	0	0	0	0	0	0	0	0	0	0	0	0	0	0	0	0	0	0	0	0	0	0	0	0	36643	0	0	0	0	0	0	0	0	0	0	0	0	0	0	0	0	0	0	0	0	0	0	0	0	0	0	0	10920	0	0	false	false	0	0	0	0	false	0	false	0	false	0	false	0
805309622	3	0	1	0	0	0	0	0	0	0	0	0	0	0	0	0	0	0	0	0	0	0	0	0	0	0	0	0	36641	0	0	0	0	0	0	0	0	0	0	0	0	0	0	0	0	0	0	0	0	0	0	0	0	0	0	0	10920	0	0	false	false	0	0	0	0	false	0	false	0	false	0	false	0
805309623	4	0	1	0	0	0	0	0	0	0	0	0	0	0	0	0	0	0	0	0	0	0	0	0	0	0	0	0	36640	0	0	0	0	0	0	0	0	0	0	0	0	0	0	0	0	0	0	0	0	0	0	0	0	0	0	0	10920	0	0	false	false	0	0	0	0	false	0	false	0	false	0	false	0
805309624	0	0	1	0	0	0	0	0	0	0	0	0	0	0	0	0	0	0	0	0	0	0	0	0	0	0	0	0	0	0	0	0	0	36612	0	0	0	0	0	0	0	0	0	0	0	0	0	0	0	0	0	0	0	0	0	0	10920	0	0	false	false	0	0	0	0	false	0	false	0	false	0	false	0
805309625	1	0	1	0	0	0	0	0	0	0	0	0	0	0	0	0	0	0	0	0	0	0	0	0	0	0	0	0	0	0	0	0	0	36609	0	0	0	0	0	0	0	0	0	0	0	0	0	0	0	0	0	0	0	0	0	0	10920	0	0	false	false	0	0	0	0	false	0	false	0	false	0	false	0
805309626	2	0	1	0	0	0	0	0	0	0	0	0	0	0	0	0	0	0	0	0	0	0	0	0	0	0	0	0	0	0	0	0	0	36613	0	0	0	0	0	0	0	0	0	0	0	0	0	0	0	0	0	0	0	0	0	0	10920	0	0	false	false	0	0	0	0	false	0	false	0	false	0	false	0
805309627	3	0	1	0	0	0	0	0	0	0	0	0	0	0	0	0	0	0	0	0	0	0	0	0	0	0	0	0	0	0	0	0	0	36611	0	0	0	0	0	0	0	0	0	0	0	0	0	0	0	0	0	0	0	0	0	0	10920	0	0	false	false	0	0	0	0	false	0	false	0	false	0	false	0
805309628	4	0	1	0	0	0	0	0	0	0	0	0	0	0	0	0	0	0	0	0	0	0	0	0	0	0	0	0	0	0	0	0	0	36610	0	0	0	0	0	0	0	0	0	0	0	0	0	0	0	0	0	0	0	0	0	0	10920	0	0	false	false	0	0	0	0	false	0	false	0	false	0	false	0
805309629	0	0	1	0	0	0	0	0	0	0	0	0	0	0	0	0	0	0	0	0	0	0	0	0	0	0	0	0	0	0	0	0	0	0	0	0	0	0	36627	0	0	0	0	36627	0	0	0	0	0	0	0	0	0	0	0	0	10920	0	0	false	false	0	0	0	0	false	0	false	0	false	0	false	0
805309630	1	0	1	0	0	0	0	0	0	0	0	0	0	0	0	0	0	0	0	0	0	0	0	0	0	0	0	0	0	0	0	0	0	0	0	0	0	0	36624	0	0	0	0	36624	0	0	0	0	0	0	0	0	0	0	0	0	10920	0	0	false	false	0	0	0	0	false	0	false	0	false	0	false	0
805309631	2	0	1	0	0	0	0	0	0	0	0	0	0	0	0	0	0	0	0	0	0	0	0	0	0	0	0	0	0	0	0	0	0	0	0	0	0	0	36628	0	0	0	0	36628	0	0	0	0	0	0	0	0	0	0	0	0	10920	0	0	false	false	0	0	0	0	false	0	false	0	false	0	false	0
805309632	3	0	1	0	0	0	0	0	0	0	0	0	0	0	0	0	0	0	0	0	0	0	0	0	0	0	0	0	0	0	0	0	0	0	0	0	0	0	36626	0	0	0	0	36626	0	0	0	0	0	0	0	0	0	0	0	0	10920	0	0	false	false	0	0	0	0	false	0	false	0	false	0	false	0
805309633	4	0	1	0	0	0	0	0	0	0	0	0	0	0	0	0	0	0	0	0	0	0	0	0	0	0	0	0	0	0	0	0	0	0	0	0	0	0	36625	0	0	0	0	36625	0	0	0	0	0	0	0	0	0	0	0	0	10920	0	0	false	false	0	0	0	0	false	0	false	0	false	0	false	0
805309634	0	0	1	36557	0	0	0	0	0	0	0	0	0	0	0	0	0	0	0	0	0	0	0	0	0	0	0	0	0	0	0	0	0	0	0	0	0	0	0	0	0	0	0	0	0	0	0	0	0	0	0	0	0	0	0	0	10920	872415885	0	false	false	0	0	0	0	false	0	false	0	false	0	false	0
805309635	1	0	1	36554	0	0	0	0	0	0	0	0	0	0	0	0	0	0	0	0	0	0	0	0	0	0	0	0	0	0	0	0	0	0	0	0	0	0	0	0	0	0	0	0	0	0	0	0	0	0	0	0	0	0	0	0	10920	872415885	0	false	false	0	0	0	0	false	0	false	0	false	0	false	0
805309636	2	0	1	36558	0	0	0	0	0	0	0	0	0	0	0	0	0	0	0	0	0	0	0	0	0	0	0	0	0	0	0	0	0	0	0	0	0	0	0	0	0	0	0	0	0	0	0	0	0	0	0	0	0	0	0	0	10920	872415885	0	false	false	0	0	0	0	false	0	false	0	false	0	false	0
805309637	3	0	1	36556	0	0	0	0	0	0	0	0	0	0	0	0	0	0	0	0	0	0	0	0	0	0	0	0	0	0	0	0	0	0	0	0	0	0	0	0	0	0	0	0	0	0	0	0	0	0	0	0	0	0	0	0	10920	872415885	0	false	false	0	0	0	0	false	0	false	0	false	0	false	0
805309638	4	0	1	36555	0	0	0	0	0	0	0	0	0	0	0	0	0	0	0	0	0	0	0	0	0	0	0	0	0	0	0	0	0	0	0	0	0	0	0	0	0	0	0	0	0	0	0	0	0	0	0	0	0	0	0	0	10920	872415885	0	false	false	0	0	0	0	false	0	false	0	false	0	false	0
805309639	0	0	1	0	0	0	0	0	36542	0	0	0	0	0	0	0	0	0	0	0	0	0	0	0	0	0	0	0	0	0	0	0	0	0	0	0	0	0	0	0	0	0	0	0	0	0	0	0	0	0	0	0	0	0	0	0	10920	872415889	0	false	false	0	0	0	0	false	0	false	0	false	0	false	0
805309640	1	0	1	0	0	0	0	0	36539	0	0	0	0	0	0	0	0	0	0	0	0	0	0	0	0	0	0	0	0	0	0	0	0	0	0	0	0	0	0	0	0	0	0	0	0	0	0	0	0	0	0	0	0	0	0	0	10920	872415889	0	false	false	0	0	0	0	false	0	false	0	false	0	false	0
805309641	2	0	1	0	0	0	0	0	36543	0	0	0	0	0	0	0	0	0	0	0	0	0	0	0	0	0	0	0	0	0	0	0	0	0	0	0	0	0	0	0	0	0	0	0	0	0	0	0	0	0	0	0	0	0	0	0	10920	872415889	0	false	false	0	0	0	0	false	0	false	0	false	0	false	0
805309642	3	0	1	0	0	0	0	0	36541	0	0	0	0	0	0	0	0	0	0	0	0	0	0	0	0	0	0	0	0	0	0	0	0	0	0	0	0	0	0	0	0	0	0	0	0	0	0	0	0	0	0	0	0	0	0	0	10920	872415889	0	false	false	0	0	0	0	false	0	false	0	false	0	false	0
805309643	4	0	1	0	0	0	0	0	36540	0	0	0	0	0	0	0	0	0	0	0	0	0	0	0	0	0	0	0	0	0	0	0	0	0	0	0	0	0	0	0	0	0	0	0	0	0	0	0	0	0	0	0	0	0	0	0	10920	872415889	0	false	false	0	0	0	0	false	0	false	0	false	0	false	0
805309644	0	0	1	0	0	0	0	0	0	0	0	0	0	36572	0	0	0	0	0	0	0	0	0	0	0	0	0	0	0	0	0	0	0	0	0	0	0	0	0	0	0	0	0	0	0	0	0	0	0	0	0	0	0	0	0	0	10920	872415892	0	false	false	0	0	0	0	false	0	false	0	false	0	false	0
805309645	1	0	1	0	0	0	0	0	0	0	0	0	0	36569	0	0	0	0	0	0	0	0	0	0	0	0	0	0	0	0	0	0	0	0	0	0	0	0	0	0	0	0	0	0	0	0	0	0	0	0	0	0	0	0	0	0	10920	872415892	0	false	false	0	0	0	0	false	0	false	0	false	0	false	0
805309646	2	0	1	0	0	0	0	0	0	0	0	0	0	36573	0	0	0	0	0	0	0	0	0	0	0	0	0	0	0	0	0	0	0	0	0	0	0	0	0	0	0	0	0	0	0	0	0	0	0	0	0	0	0	0	0	0	10920	872415892	0	false	false	0	0	0	0	false	0	false	0	false	0	false	0
805309647	3	0	1	0	0	0	0	0	0	0	0	0	0	36571	0	0	0	0	0	0	0	0	0	0	0	0	0	0	0	0	0	0	0	0	0	0	0	0	0	0	0	0	0	0	0	0	0	0	0	0	0	0	0	0	0	0	10920	872415892	0	false	false	0	0	0	0	false	0	false	0	false	0	false	0
805309648	4	0	1	0	0	0	0	0	0	0	0	0	0	36570	0	0	0	0	0	0	0	0	0	0	0	0	0	0	0	0	0	0	0	0	0	0	0	0	0	0	0	0	0	0	0	0	0	0	0	0	0	0	0	0	0	0	10920	872415892	0	false	false	0	0	0	0	false	0	false	0	false	0	false	0
805309649	0	0	1	0	0	0	0	0	0	0	0	0	0	0	0	0	0	0	36587	0	0	0	0	0	0	0	0	0	0	0	0	0	0	0	0	0	0	0	0	0	0	0	0	0	0	0	0	0	0	0	0	0	0	0	0	0	10920	872415895	0	false	false	0	0	0	0	false	0	false	0	false	0	false	0
805309650	1	0	1	0	0	0	0	0	0	0	0	0	0	0	0	0	0	0	36584	0	0	0	0	0	0	0	0	0	0	0	0	0	0	0	0	0	0	0	0	0	0	0	0	0	0	0	0	0	0	0	0	0	0	0	0	0	10920	872415895	0	false	false	0	0	0	0	false	0	false	0	false	0	false	0
805309651	2	0	1	0	0	0	0	0	0	0	0	0	0	0	0	0	0	0	36588	0	0	0	0	0	0	0	0	0	0	0	0	0	0	0	0	0	0	0	0	0	0	0	0	0	0	0	0	0	0	0	0	0	0	0	0	0	10920	872415895	0	false	false	0	0	0	0	false	0	false	0	false	0	false	0
805309652	3	0	1	0	0	0	0	0	0	0	0	0	0	0	0	0	0	0	36586	0	0	0	0	0	0	0	0	0	0	0	0	0	0	0	0	0	0	0	0	0	0	0	0	0	0	0	0	0	0	0	0	0	0	0	0	0	10920	872415895	0	false	false	0	0	0	0	false	0	false	0	false	0	false	0
805309653	4	0	1	0	0	0	0	0	0	0	0	0	0	0	0	0	0	0	36585	0	0	0	0	0	0	0	0	0	0	0	0	0	0	0	0	0	0	0	0	0	0	0	0	0	0	0	0	0	0	0	0	0	0	0	0	0	10920	872415895	0	false	false	0	0	0	0	false	0	false	0	false	0	false	0
805309654	0	0	1	0	0	0	0	0	0	0	0	0	0	0	0	0	0	0	0	0	0	0	0	36860	0	0	0	0	0	0	0	0	0	0	0	0	0	0	0	0	0	0	0	0	0	0	0	0	0	0	0	0	0	0	0	1	10920	872415898	0	false	false	0	0	0	0	false	0	false	0	false	0	false	0
805309655	1	0	1	0	0	0	0	0	0	0	0	0	0	0	0	0	0	0	0	0	0	0	0	36599	0	0	0	0	0	0	0	0	0	0	0	0	0	0	0	0	0	0	0	0	0	0	0	0	0	0	0	0	0	0	0	0	10920	872415898	0	false	false	0	0	0	0	false	0	false	0	false	0	false	0
805309656	2	0	1	0	0	0	0	0	0	0	0	0	0	0	0	0	0	0	0	0	0	0	0	36603	0	0	0	0	0	0	0	0	0	0	0	0	0	0	0	0	0	0	0	0	0	0	0	0	0	0	0	0	0	0	0	0	10920	872415898	0	false	false	0	0	0	0	false	0	false	0	false	0	false	0
805309657	3	0	1	0	0	0	0	0	0	0	0	0	0	0	0	0	0	0	0	0	0	0	0	36601	0	0	0	0	0	0	0	0	0	0	0	0	0	0	0	0	0	0	0	0	0	0	0	0	0	0	0	0	0	0	0	0	10920	872415898	0	false	false	0	0	0	0	false	0	false	0	false	0	false	0
805309658	4	0	1	0	0	0	0	0	0	0	0	0	0	0	0	0	0	0	0	0	0	0	0	36600	0	0	0	0	0	0	0	0	0	0	0	0	0	0	0	0	0	0	0	0	0	0	0	0	0	0	0	0	0	0	0	0	10920	872415898	0	false	false	0	0	0	0	false	0	false	0	false	0	false	0
805309659	0	0	1	0	0	0	0	0	0	0	0	0	0	0	0	0	0	0	0	0	0	0	0	0	0	0	0	0	36647	0	0	0	0	0	0	0	0	0	0	0	0	0	0	0	0	0	0	0	0	0	0	0	0	0	0	0	10920	872415904	0	false	false	0	0	0	0	false	0	false	0	false	0	false	0
805309660	1	0	1	0	0	0	0	0	0	0	0	0	0	0	0	0	0	0	0	0	0	0	0	0	0	0	0	0	36644	0	0	0	0	0	0	0	0	0	0	0	0	0	0	0	0	0	0	0	0	0	0	0	0	0	0	0	10920	872415904	0	false	false	0	0	0	0	false	0	false	0	false	0	false	0
805309661	2	0	1	0	0	0	0	0	0	0	0	0	0	0	0	0	0	0	0	0	0	0	0	0	0	0	0	0	36648	0	0	0	0	0	0	0	0	0	0	0	0	0	0	0	0	0	0	0	0	0	0	0	0	0	0	0	10920	872415904	0	false	false	0	0	0	0	false	0	false	0	false	0	false	0
805309662	3	0	1	0	0	0	0	0	0	0	0	0	0	0	0	0	0	0	0	0	0	0	0	0	0	0	0	0	36646	0	0	0	0	0	0	0	0	0	0	0	0	0	0	0	0	0	0	0	0	0	0	0	0	0	0	0	10920	872415904	0	false	false	0	0	0	0	false	0	false	0	false	0	false	0
805309663	4	0	1	0	0	0	0	0	0	0	0	0	0	0	0	0	0	0	0	0	0	0	0	0	0	0	0	0	36645	0	0	0	0	0	0	0	0	0	0	0	0	0	0	0	0	0	0	0	0	0	0	0	0	0	0	0	10920	872415904	0	false	false	0	0	0	0	false	0	false	0	false	0	false	0
805309664	0	0	1	0	0	0	0	0	0	0	0	0	0	0	0	0	0	0	0	0	0	0	0	0	0	0	0	0	0	0	0	0	0	36617	0	0	0	0	0	0	0	0	0	0	0	0	0	0	0	0	0	0	0	0	0	0	10920	872415901	0	false	false	0	0	0	0	false	0	false	0	false	0	false	0
805309665	1	0	1	0	0	0	0	0	0	0	0	0	0	0	0	0	0	0	0	0	0	0	0	0	0	0	0	0	0	0	0	0	0	36614	0	0	0	0	0	0	0	0	0	0	0	0	0	0	0	0	0	0	0	0	0	0	10920	872415901	0	false	false	0	0	0	0	false	0	false	0	false	0	false	0
805309666	2	0	1	0	0	0	0	0	0	0	0	0	0	0	0	0	0	0	0	0	0	0	0	0	0	0	0	0	0	0	0	0	0	36618	0	0	0	0	0	0	0	0	0	0	0	0	0	0	0	0	0	0	0	0	0	0	10920	872415901	0	false	false	0	0	0	0	false	0	false	0	false	0	false	0
805309667	3	0	1	0	0	0	0	0	0	0	0	0	0	0	0	0	0	0	0	0	0	0	0	0	0	0	0	0	0	0	0	0	0	36616	0	0	0	0	0	0	0	0	0	0	0	0	0	0	0	0	0	0	0	0	0	0	10920	872415901	0	false	false	0	0	0	0	false	0	false	0	false	0	false	0
805309668	4	0	1	0	0	0	0	0	0	0	0	0	0	0	0	0	0	0	0	0	0	0	0	0	0	0	0	0	0	0	0	0	0	36615	0	0	0	0	0	0	0	0	0	0	0	0	0	0	0	0	0	0	0	0	0	0	10920	872415901	0	false	false	0	0	0	0	false	0	false	0	false	0	false	0
805309669	0	0	1	0	0	0	0	0	0	0	0	0	0	0	0	0	0	0	0	0	0	0	0	0	0	0	0	0	0	0	0	0	0	0	0	0	0	0	36632	0	0	0	0	36632	0	0	0	0	0	0	0	0	0	0	0	0	10920	872415907	0	false	false	0	0	0	0	false	0	false	0	false	0	false	0
805309670	1	0	1	0	0	0	0	0	0	0	0	0	0	0	0	0	0	0	0	0	0	0	0	0	0	0	0	0	0	0	0	0	0	0	0	0	0	0	36629	0	0	0	0	36629	0	0	0	0	0	0	0	0	0	0	0	0	10920	872415907	0	false	false	0	0	0	0	false	0	false	0	false	0	false	0
805309671	2	0	1	0	0	0	0	0	0	0	0	0	0	0	0	0	0	0	0	0	0	0	0	0	0	0	0	0	0	0	0	0	0	0	0	0	0	0	36633	0	0	0	0	36633	0	0	0	0	0	0	0	0	0	0	0	0	10920	872415907	0	false	false	0	0	0	0	false	0	false	0	false	0	false	0
805309672	3	0	1	0	0	0	0	0	0	0	0	0	0	0	0	0	0	0	0	0	0	0	0	0	0	0	0	0	0	0	0	0	0	0	0	0	0	0	36631	0	0	0	0	36631	0	0	0	0	0	0	0	0	0	0	0	0	10920	872415907	0	false	false	0	0	0	0	false	0	false	0	false	0	false	0
805309673	4	0	1	0	0	0	0	0	0	0	0	0	0	0	0	0	0	0	0	0	0	0	0	0	0	0	0	0	0	0	0	0	0	0	0	0	0	0	36630	0	0	0	0	36630	0	0	0	0	0	0	0	0	0	0	0	0	10920	872415907	0	false	false	0	0	0	0	false	0	false	0	false	0	false	0
805308149	0	0	1	25813	0	0	0	0	0	0	0	0	0	0	0	0	0	0	0	0	0	0	0	0	0	0	0	0	0	0	0	0	0	0	0	0	0	0	0	0	0	0	0	0	0	0	0	0	0	0	0	0	0	0	0	1	10920	872415887	0	false	false	0	0	0	0	false	0	false	0	false	0	false	0
805308150	1	0	1	25814	0	0	0	0	0	0	0	0	0	0	0	0	0	0	0	0	0	0	0	0	0	0	0	0	0	0	0	0	0	0	0	0	0	0	0	0	0	0	0	0	0	0	0	0	0	0	0	0	0	0	0	0	10920	872415887	0	false	false	0	0	0	0	false	0	false	0	false	0	false	0
805308151	2	0	1	25815	0	0	0	0	0	0	0	0	0	0	0	0	0	0	0	0	0	0	0	0	0	0	0	0	0	0	0	0	0	0	0	0	0	0	0	0	0	0	0	0	0	0	0	0	0	0	0	0	0	0	0	0	10920	872415887	0	false	false	0	0	0	0	false	0	false	0	false	0	false	0
805308152	3	0	1	25816	0	0	0	0	0	0	0	0	0	0	0	0	0	0	0	0	0	0	0	0	0	0	0	0	0	0	0	0	0	0	0	0	0	0	0	0	0	0	0	0	0	0	0	0	0	0	0	0	0	0	0	0	10920	872415887	0	false	false	0	0	0	0	false	0	false	0	false	0	false	0
805308153	4	0	1	25817	0	0	0	0	0	0	0	0	0	0	0	0	0	0	0	0	0	0	0	0	0	0	0	0	0	0	0	0	0	0	0	0	0	0	0	0	0	0	0	0	0	0	0	0	0	0	0	0	0	0	0	0	10920	872415887	0	false	false	0	0	0	0	false	0	false	0	false	0	false	0
805308154	0	0	1	0	0	0	0	0	25818	0	0	0	0	0	0	0	0	0	0	0	0	0	0	0	0	0	0	0	0	0	0	0	0	0	0	0	0	0	0	0	0	0	0	0	0	0	0	0	0	0	0	0	0	0	0	1	10920	872415891	0	false	false	0	0	0	0	false	0	false	0	false	0	false	0
805308155	1	0	1	0	0	0	0	0	25819	0	0	0	0	0	0	0	0	0	0	0	0	0	0	0	0	0	0	0	0	0	0	0	0	0	0	0	0	0	0	0	0	0	0	0	0	0	0	0	0	0	0	0	0	0	0	0	10920	872415891	0	false	false	0	0	0	0	false	0	false	0	false	0	false	0
805308156	2	0	1	0	0	0	0	0	25820	0	0	0	0	0	0	0	0	0	0	0	0	0	0	0	0	0	0	0	0	0	0	0	0	0	0	0	0	0	0	0	0	0	0	0	0	0	0	0	0	0	0	0	0	0	0	0	10920	872415891	0	false	false	0	0	0	0	false	0	false	0	false	0	false	0
805308157	3	0	1	0	0	0	0	0	25821	0	0	0	0	0	0	0	0	0	0	0	0	0	0	0	0	0	0	0	0	0	0	0	0	0	0	0	0	0	0	0	0	0	0	0	0	0	0	0	0	0	0	0	0	0	0	0	10920	872415891	0	false	false	0	0	0	0	false	0	false	0	false	0	false	0
805308158	4	0	1	0	0	0	0	0	25822	0	0	0	0	0	0	0	0	0	0	0	0	0	0	0	0	0	0	0	0	0	0	0	0	0	0	0	0	0	0	0	0	0	0	0	0	0	0	0	0	0	0	0	0	0	0	0	10920	872415891	0	false	false	0	0	0	0	false	0	false	0	false	0	false	0
805308159	0	0	1	0	0	0	0	0	0	0	0	0	0	25823	0	0	0	0	0	0	0	0	0	0	0	0	0	0	0	0	0	0	0	0	0	0	0	0	0	0	0	0	0	0	0	0	0	0	0	0	0	0	0	0	0	1	10920	872415894	0	false	false	0	0	0	0	false	0	false	0	false	0	false	0
805308160	1	0	1	0	0	0	0	0	0	0	0	0	0	25824	0	0	0	0	0	0	0	0	0	0	0	0	0	0	0	0	0	0	0	0	0	0	0	0	0	0	0	0	0	0	0	0	0	0	0	0	0	0	0	0	0	0	10920	872415894	0	false	false	0	0	0	0	false	0	false	0	false	0	false	0
805308161	2	0	1	0	0	0	0	0	0	0	0	0	0	25825	0	0	0	0	0	0	0	0	0	0	0	0	0	0	0	0	0	0	0	0	0	0	0	0	0	0	0	0	0	0	0	0	0	0	0	0	0	0	0	0	0	0	10920	872415894	0	false	false	0	0	0	0	false	0	false	0	false	0	false	0
805308162	3	0	1	0	0	0	0	0	0	0	0	0	0	25826	0	0	0	0	0	0	0	0	0	0	0	0	0	0	0	0	0	0	0	0	0	0	0	0	0	0	0	0	0	0	0	0	0	0	0	0	0	0	0	0	0	0	10920	872415894	0	false	false	0	0	0	0	false	0	false	0	false	0	false	0
805308163	4	0	1	0	0	0	0	0	0	0	0	0	0	25827	0	0	0	0	0	0	0	0	0	0	0	0	0	0	0	0	0	0	0	0	0	0	0	0	0	0	0	0	0	0	0	0	0	0	0	0	0	0	0	0	0	0	10920	872415894	0	false	false	0	0	0	0	false	0	false	0	false	0	false	0
805308164	0	0	1	0	0	0	0	0	0	0	0	0	0	0	0	0	0	0	25828	0	0	0	0	0	0	0	0	0	0	0	0	0	0	0	0	0	0	0	0	0	0	0	0	0	0	0	0	0	0	0	0	0	0	0	0	1	10920	872415897	0	false	false	0	0	0	0	false	0	false	0	false	0	false	0
805308165	1	0	1	0	0	0	0	0	0	0	0	0	0	0	0	0	0	0	25829	0	0	0	0	0	0	0	0	0	0	0	0	0	0	0	0	0	0	0	0	0	0	0	0	0	0	0	0	0	0	0	0	0	0	0	0	0	10920	872415897	0	false	false	0	0	0	0	false	0	false	0	false	0	false	0
805308166	2	0	1	0	0	0	0	0	0	0	0	0	0	0	0	0	0	0	25830	0	0	0	0	0	0	0	0	0	0	0	0	0	0	0	0	0	0	0	0	0	0	0	0	0	0	0	0	0	0	0	0	0	0	0	0	0	10920	872415897	0	false	false	0	0	0	0	false	0	false	0	false	0	false	0
805308167	3	0	1	0	0	0	0	0	0	0	0	0	0	0	0	0	0	0	25831	0	0	0	0	0	0	0	0	0	0	0	0	0	0	0	0	0	0	0	0	0	0	0	0	0	0	0	0	0	0	0	0	0	0	0	0	0	10920	872415897	0	false	false	0	0	0	0	false	0	false	0	false	0	false	0
805308168	4	0	1	0	0	0	0	0	0	0	0	0	0	0	0	0	0	0	25832	0	0	0	0	0	0	0	0	0	0	0	0	0	0	0	0	0	0	0	0	0	0	0	0	0	0	0	0	0	0	0	0	0	0	0	0	0	10920	872415897	0	false	false	0	0	0	0	false	0	false	0	false	0	false	0
805308169	0	0	1	0	0	0	0	0	0	0	0	0	0	0	0	0	0	0	0	0	0	0	0	25833	0	0	0	0	0	0	0	0	0	0	0	0	0	0	0	0	0	0	0	0	0	0	0	0	0	0	0	0	0	0	0	1	10920	872415900	0	false	true	0	0	0	0	false	0	false	0	false	0	false	0
805308170	1	0	1	0	0	0	0	0	0	0	0	0	0	0	0	0	0	0	0	0	0	0	0	25834	0	0	0	0	0	0	0	0	0	0	0	0	0	0	0	0	0	0	0	0	0	0	0	0	0	0	0	0	0	0	0	0	10920	872415900	0	false	false	0	0	0	0	false	0	false	0	false	0	false	0
805308171	2	0	1	0	0	0	0	0	0	0	0	0	0	0	0	0	0	0	0	0	0	0	0	25835	0	0	0	0	0	0	0	0	0	0	0	0	0	0	0	0	0	0	0	0	0	0	0	0	0	0	0	0	0	0	0	0	10920	872415900	0	false	false	0	0	0	0	false	0	false	0	false	0	false	0
805308172	3	0	1	0	0	0	0	0	0	0	0	0	0	0	0	0	0	0	0	0	0	0	0	25836	0	0	0	0	0	0	0	0	0	0	0	0	0	0	0	0	0	0	0	0	0	0	0	0	0	0	0	0	0	0	0	0	10920	872415900	0	false	false	0	0	0	0	false	0	false	0	false	0	false	0
805308173	4	0	1	0	0	0	0	0	0	0	0	0	0	0	0	0	0	0	0	0	0	0	0	25837	0	0	0	0	0	0	0	0	0	0	0	0	0	0	0	0	0	0	0	0	0	0	0	0	0	0	0	0	0	0	0	0	10920	872415900	0	false	false	0	0	0	0	false	0	false	0	false	0	false	0
805308174	0	0	1	0	0	0	0	0	0	0	0	0	0	0	0	0	0	0	0	0	0	0	0	0	0	0	0	0	26027	0	0	0	0	0	0	0	0	0	0	0	0	0	0	0	0	0	0	0	0	0	0	0	0	0	0	1	10920	872415906	0	false	false	0	0	0	0	false	0	false	0	false	0	false	0
805308175	1	0	1	0	0	0	0	0	0	0	0	0	0	0	0	0	0	0	0	0	0	0	0	0	0	0	0	0	25839	0	0	0	0	0	0	0	0	0	0	0	0	0	0	0	0	0	0	0	0	0	0	0	0	0	0	0	10920	872415906	0	false	false	0	0	0	0	false	0	false	0	false	0	false	0
805308176	2	0	1	0	0	0	0	0	0	0	0	0	0	0	0	0	0	0	0	0	0	0	0	0	0	0	0	0	25840	0	0	0	0	0	0	0	0	0	0	0	0	0	0	0	0	0	0	0	0	0	0	0	0	0	0	0	10920	872415906	0	false	false	0	0	0	0	false	0	false	0	false	0	false	0
805308177	3	0	1	0	0	0	0	0	0	0	0	0	0	0	0	0	0	0	0	0	0	0	0	0	0	0	0	0	25841	0	0	0	0	0	0	0	0	0	0	0	0	0	0	0	0	0	0	0	0	0	0	0	0	0	0	0	10920	872415906	0	false	false	0	0	0	0	false	0	false	0	false	0	false	0
805308178	4	0	1	0	0	0	0	0	0	0	0	0	0	0	0	0	0	0	0	0	0	0	0	0	0	0	0	0	25842	0	0	0	0	0	0	0	0	0	0	0	0	0	0	0	0	0	0	0	0	0	0	0	0	0	0	0	10920	872415906	0	false	false	0	0	0	0	false	0	false	0	false	0	false	0
805308179	0	0	1	0	0	0	0	0	0	0	0	0	0	0	0	0	0	0	0	0	0	0	0	0	0	0	0	0	0	0	0	0	0	25843	0	0	0	0	0	0	0	0	0	0	0	0	0	0	0	0	0	0	0	0	0	0	10920	872415903	0	false	false	0	0	0	0	false	0	false	0	false	0	false	0
805308180	1	0	1	0	0	0	0	0	0	0	0	0	0	0	0	0	0	0	0	0	0	0	0	0	0	0	0	0	0	0	0	0	0	25844	0	0	0	0	0	0	0	0	0	0	0	0	0	0	0	0	0	0	0	0	0	0	10920	872415903	0	false	true	0	0	0	0	false	0	false	0	false	0	false	0
805308181	2	0	1	0	0	0	0	0	0	0	0	0	0	0	0	0	0	0	0	0	0	0	0	0	0	0	0	0	0	0	0	0	0	25845	0	0	0	0	0	0	0	0	0	0	0	0	0	0	0	0	0	0	0	0	0	0	10920	872415903	0	false	false	0	0	0	0	false	0	false	0	false	0	false	0
805308182	3	0	1	0	0	0	0	0	0	0	0	0	0	0	0	0	0	0	0	0	0	0	0	0	0	0	0	0	0	0	0	0	0	25846	0	0	0	0	0	0	0	0	0	0	0	0	0	0	0	0	0	0	0	0	0	0	10920	872415903	0	false	false	0	0	0	0	false	0	false	0	false	0	false	0
805308183	4	0	1	0	0	0	0	0	0	0	0	0	0	0	0	0	0	0	0	0	0	0	0	0	0	0	0	0	0	0	0	0	0	25847	0	0	0	0	0	0	0	0	0	0	0	0	0	0	0	0	0	0	0	0	0	0	10920	872415903	0	false	false	0	0	0	0	false	0	false	0	false	0	false	0
805308910	0	0	1	0	0	0	0	0	0	0	0	0	0	0	0	0	0	0	0	0	0	0	0	0	0	0	0	0	0	0	0	0	0	0	0	0	0	0	32351	0	0	0	0	32351	0	0	0	0	0	0	0	0	0	0	0	0	10920	872415909	0	false	false	0	0	0	0	false	0	false	0	false	0	false	0
805308911	1	0	1	0	0	0	0	0	0	0	0	0	0	0	0	0	0	0	0	0	0	0	0	0	0	0	0	0	0	0	0	0	0	0	0	0	0	0	32348	0	0	0	0	32348	0	0	0	0	0	0	0	0	0	0	0	0	10920	872415909	0	false	false	0	0	0	0	false	0	false	0	false	0	false	0
805308912	2	0	1	0	0	0	0	0	0	0	0	0	0	0	0	0	0	0	0	0	0	0	0	0	0	0	0	0	0	0	0	0	0	0	0	0	0	0	32352	0	0	0	0	32352	0	0	0	0	0	0	0	0	0	0	0	0	10920	872415909	0	false	false	0	0	0	0	false	0	false	0	false	0	false	0
805308913	3	0	1	0	0	0	0	0	0	0	0	0	0	0	0	0	0	0	0	0	0	0	0	0	0	0	0	0	0	0	0	0	0	0	0	0	0	0	32350	0	0	0	0	32350	0	0	0	0	0	0	0	0	0	0	0	0	10920	872415909	0	false	false	0	0	0	0	false	0	false	0	false	0	false	0
805308914	4	0	1	0	0	0	0	0	0	0	0	0	0	0	0	0	0	0	0	0	0	0	0	0	0	0	0	0	0	0	0	0	0	0	0	0	0	0	32349	0	0	0	0	32349	0	0	0	0	0	0	0	0	0	0	0	0	10920	872415909	0	false	false	0	0	0	0	false	0	false	0	false	0	false	0
805308915	9	0	1	0	0	0	0	0	0	0	0	0	0	0	0	0	0	0	0	0	0	0	0	0	0	0	0	0	0	0	0	0	0	0	0	0	0	0	32639	32377	32378	0	0	32639	32377	32378	0	0	0	0	0	0	0	0	0	0	10920	872415909	0	false	false	0	0	0	0	false	0	false	0	false	0	false	0
805308185	9	0	1	25960	7505	7504	0	0	0	0	0	0	0	0	0	0	0	0	0	0	0	0	0	0	0	0	0	0	0	0	0	0	0	0	0	0	0	0	0	0	0	0	0	0	0	0	0	0	0	0	0	0	0	0	0	0	10920	872415887	0	false	false	0	0	0	0	false	0	false	0	false	0	false	0
805308186	9	0	1	0	0	0	0	0	25959	7496	7495	0	0	0	0	0	0	0	0	0	0	0	0	0	0	0	0	0	0	0	0	0	0	0	0	0	0	0	0	0	0	0	0	0	0	0	0	0	0	0	0	0	0	0	0	0	10920	872415891	0	false	false	0	0	0	0	false	0	false	0	false	0	false	0
805308187	9	0	1	0	0	0	0	0	0	0	0	0	0	25961	7502	7501	0	0	0	0	0	0	0	0	0	0	0	0	0	0	0	0	0	0	0	0	0	0	0	0	0	0	0	0	0	0	0	0	0	0	0	0	0	0	0	0	10920	872415894	0	false	false	0	0	0	0	false	0	false	0	false	0	false	0
805308188	9	0	1	0	0	0	0	0	0	0	0	0	0	0	0	0	0	0	25962	7499	7498	0	0	0	0	0	0	0	0	0	0	0	0	0	0	0	0	0	0	0	0	0	0	0	0	0	0	0	0	0	0	0	0	0	0	0	10920	872415897	0	false	false	0	0	0	0	false	0	false	0	false	0	false	0
805308189	9	0	1	0	0	0	0	0	0	0	0	0	0	0	0	0	0	0	0	0	0	0	0	25958	7493	7492	0	0	0	0	0	0	0	0	0	0	0	0	0	0	0	0	0	0	0	0	0	0	0	0	0	0	0	0	0	0	10920	872415900	0	false	false	0	0	0	0	false	0	false	0	false	0	false	0
805308190	9	0	1	0	0	0	0	0	0	0	0	0	0	0	0	0	0	0	0	0	0	0	0	0	0	0	0	0	25963	18837	18836	0	0	0	0	0	0	0	0	0	0	0	0	0	0	0	0	0	0	0	0	0	0	0	0	0	10920	872415906	0	false	false	0	0	0	0	false	0	false	0	false	0	false	0
805308191	9	0	1	0	0	0	0	0	0	0	0	0	0	0	0	0	0	0	0	0	0	0	0	0	0	0	0	0	0	0	0	0	0	25957	25438	25439	0	0	0	0	0	0	0	0	0	0	0	0	0	0	0	0	0	0	0	0	10920	872415903	0	false	false	0	0	0	0	false	0	false	0	false	0	false	0
805307611	0	0	1	22220	0	0	0	0	0	0	0	0	0	0	0	0	0	0	0	0	0	0	0	0	0	0	0	0	0	0	0	0	0	0	0	0	0	0	0	0	0	0	0	0	0	0	0	0	0	0	0	0	0	0	0	1	10920	872415886	0	false	false	0	0	0	0	false	0	false	0	false	0	false	0
805307612	1	0	1	22221	0	0	0	0	0	0	0	0	0	0	0	0	0	0	0	0	0	0	0	0	0	0	0	0	0	0	0	0	0	0	0	0	0	0	0	0	0	0	0	0	0	0	0	0	0	0	0	0	0	0	0	0	10920	872415886	0	false	false	0	0	0	0	false	0	false	0	false	0	false	0
805307613	2	0	1	22222	0	0	0	0	0	0	0	0	0	0	0	0	0	0	0	0	0	0	0	0	0	0	0	0	0	0	0	0	0	0	0	0	0	0	0	0	0	0	0	0	0	0	0	0	0	0	0	0	0	0	0	0	10920	872415886	0	false	false	0	0	0	0	false	0	false	0	false	0	false	0
805307614	3	0	1	22223	0	0	0	0	0	0	0	0	0	0	0	0	0	0	0	0	0	0	0	0	0	0	0	0	0	0	0	0	0	0	0	0	0	0	0	0	0	0	0	0	0	0	0	0	0	0	0	0	0	0	0	0	10920	872415886	0	false	false	0	0	0	0	false	0	false	0	false	0	false	0
805307615	4	0	1	22224	0	0	0	0	0	0	0	0	0	0	0	0	0	0	0	0	0	0	0	0	0	0	0	0	0	0	0	0	0	0	0	0	0	0	0	0	0	0	0	0	0	0	0	0	0	0	0	0	0	0	0	0	10920	872415886	0	false	false	0	0	0	0	false	0	false	0	false	0	false	0
805307616	0	0	1	0	0	0	0	0	22225	0	0	0	0	0	0	0	0	0	0	0	0	0	0	0	0	0	0	0	0	0	0	0	0	0	0	0	0	0	0	0	0	0	0	0	0	0	0	0	0	0	0	0	0	0	0	1	10920	872415890	0	false	false	0	0	0	0	false	0	false	0	false	0	false	0
805307617	1	0	1	0	0	0	0	0	22226	0	0	0	0	0	0	0	0	0	0	0	0	0	0	0	0	0	0	0	0	0	0	0	0	0	0	0	0	0	0	0	0	0	0	0	0	0	0	0	0	0	0	0	0	0	0	0	10920	872415890	0	false	false	0	0	0	0	false	0	false	0	false	0	false	0
805307618	2	0	1	0	0	0	0	0	22227	0	0	0	0	0	0	0	0	0	0	0	0	0	0	0	0	0	0	0	0	0	0	0	0	0	0	0	0	0	0	0	0	0	0	0	0	0	0	0	0	0	0	0	0	0	0	0	10920	872415890	0	false	false	0	0	0	0	false	0	false	0	false	0	false	0
805307619	3	0	1	0	0	0	0	0	22228	0	0	0	0	0	0	0	0	0	0	0	0	0	0	0	0	0	0	0	0	0	0	0	0	0	0	0	0	0	0	0	0	0	0	0	0	0	0	0	0	0	0	0	0	0	0	0	10920	872415890	0	false	false	0	0	0	0	false	0	false	0	false	0	false	0
805307620	4	0	1	0	0	0	0	0	22229	0	0	0	0	0	0	0	0	0	0	0	0	0	0	0	0	0	0	0	0	0	0	0	0	0	0	0	0	0	0	0	0	0	0	0	0	0	0	0	0	0	0	0	0	0	0	0	10920	872415890	0	false	false	0	0	0	0	false	0	false	0	false	0	false	0
805307621	0	0	1	0	0	0	0	0	0	0	0	0	0	22230	0	0	0	0	0	0	0	0	0	0	0	0	0	0	0	0	0	0	0	0	0	0	0	0	0	0	0	0	0	0	0	0	0	0	0	0	0	0	0	0	0	1	10920	872415893	0	false	false	0	0	0	0	false	0	false	0	false	0	false	0
805307622	1	0	1	0	0	0	0	0	0	0	0	0	0	22231	0	0	0	0	0	0	0	0	0	0	0	0	0	0	0	0	0	0	0	0	0	0	0	0	0	0	0	0	0	0	0	0	0	0	0	0	0	0	0	0	0	0	10920	872415893	0	false	false	0	0	0	0	false	0	false	0	false	0	false	0
805307623	2	0	1	0	0	0	0	0	0	0	0	0	0	22232	0	0	0	0	0	0	0	0	0	0	0	0	0	0	0	0	0	0	0	0	0	0	0	0	0	0	0	0	0	0	0	0	0	0	0	0	0	0	0	0	0	0	10920	872415893	0	false	false	0	0	0	0	false	0	false	0	false	0	false	0
805307624	3	0	1	0	0	0	0	0	0	0	0	0	0	22233	0	0	0	0	0	0	0	0	0	0	0	0	0	0	0	0	0	0	0	0	0	0	0	0	0	0	0	0	0	0	0	0	0	0	0	0	0	0	0	0	0	0	10920	872415893	0	false	false	0	0	0	0	false	0	false	0	false	0	false	0
805307625	4	0	1	0	0	0	0	0	0	0	0	0	0	22234	0	0	0	0	0	0	0	0	0	0	0	0	0	0	0	0	0	0	0	0	0	0	0	0	0	0	0	0	0	0	0	0	0	0	0	0	0	0	0	0	0	0	10920	872415893	0	false	false	0	0	0	0	false	0	false	0	false	0	false	0
805307626	0	0	1	0	0	0	0	0	0	0	0	0	0	0	0	0	0	0	22235	0	0	0	0	0	0	0	0	0	0	0	0	0	0	0	0	0	0	0	0	0	0	0	0	0	0	0	0	0	0	0	0	0	0	0	0	1	10920	872415896	0	false	false	0	0	0	0	false	0	false	0	false	0	false	0
805307627	1	0	1	0	0	0	0	0	0	0	0	0	0	0	0	0	0	0	22236	0	0	0	0	0	0	0	0	0	0	0	0	0	0	0	0	0	0	0	0	0	0	0	0	0	0	0	0	0	0	0	0	0	0	0	0	0	10920	872415896	0	false	false	0	0	0	0	false	0	false	0	false	0	false	0
805307628	2	0	1	0	0	0	0	0	0	0	0	0	0	0	0	0	0	0	22237	0	0	0	0	0	0	0	0	0	0	0	0	0	0	0	0	0	0	0	0	0	0	0	0	0	0	0	0	0	0	0	0	0	0	0	0	0	10920	872415896	0	false	false	0	0	0	0	false	0	false	0	false	0	false	0
805307629	3	0	1	0	0	0	0	0	0	0	0	0	0	0	0	0	0	0	22238	0	0	0	0	0	0	0	0	0	0	0	0	0	0	0	0	0	0	0	0	0	0	0	0	0	0	0	0	0	0	0	0	0	0	0	0	0	10920	872415896	0	false	false	0	0	0	0	false	0	false	0	false	0	false	0
805307630	4	0	1	0	0	0	0	0	0	0	0	0	0	0	0	0	0	0	22239	0	0	0	0	0	0	0	0	0	0	0	0	0	0	0	0	0	0	0	0	0	0	0	0	0	0	0	0	0	0	0	0	0	0	0	0	0	10920	872415896	0	false	false	0	0	0	0	false	0	false	0	false	0	false	0
805307631	0	0	1	0	0	0	0	0	0	0	0	0	0	0	0	0	0	0	0	0	0	0	0	22240	0	0	0	0	0	0	0	0	0	0	0	0	0	0	0	0	0	0	0	0	0	0	0	0	0	0	0	0	0	0	0	1	10920	872415899	0	false	true	0	0	0	0	false	0	false	0	false	0	false	0
805307632	1	0	1	0	0	0	0	0	0	0	0	0	0	0	0	0	0	0	0	0	0	0	0	22241	0	0	0	0	0	0	0	0	0	0	0	0	0	0	0	0	0	0	0	0	0	0	0	0	0	0	0	0	0	0	0	0	10920	872415899	0	false	false	0	0	0	0	false	0	false	0	false	0	false	0
805307633	2	0	1	0	0	0	0	0	0	0	0	0	0	0	0	0	0	0	0	0	0	0	0	22242	0	0	0	0	0	0	0	0	0	0	0	0	0	0	0	0	0	0	0	0	0	0	0	0	0	0	0	0	0	0	0	0	10920	872415899	0	false	false	0	0	0	0	false	0	false	0	false	0	false	0
805307634	3	0	1	0	0	0	0	0	0	0	0	0	0	0	0	0	0	0	0	0	0	0	0	22243	0	0	0	0	0	0	0	0	0	0	0	0	0	0	0	0	0	0	0	0	0	0	0	0	0	0	0	0	0	0	0	0	10920	872415899	0	false	false	0	0	0	0	false	0	false	0	false	0	false	0
805307635	4	0	1	0	0	0	0	0	0	0	0	0	0	0	0	0	0	0	0	0	0	0	0	22244	0	0	0	0	0	0	0	0	0	0	0	0	0	0	0	0	0	0	0	0	0	0	0	0	0	0	0	0	0	0	0	0	10920	872415899	0	false	false	0	0	0	0	false	0	false	0	false	0	false	0
805307636	0	0	1	0	0	0	0	0	0	0	0	0	0	0	0	0	0	0	0	0	0	0	0	0	0	0	0	0	22245	0	0	0	0	0	0	0	0	0	0	0	0	0	0	0	0	0	0	0	0	0	0	0	0	0	0	1	10920	872415905	0	false	false	0	0	0	0	false	0	false	0	false	0	false	0
805307637	1	0	1	0	0	0	0	0	0	0	0	0	0	0	0	0	0	0	0	0	0	0	0	0	0	0	0	0	22246	0	0	0	0	0	0	0	0	0	0	0	0	0	0	0	0	0	0	0	0	0	0	0	0	0	0	0	10920	872415905	0	false	false	0	0	0	0	false	0	false	0	false	0	false	0
805307638	2	0	1	0	0	0	0	0	0	0	0	0	0	0	0	0	0	0	0	0	0	0	0	0	0	0	0	0	22247	0	0	0	0	0	0	0	0	0	0	0	0	0	0	0	0	0	0	0	0	0	0	0	0	0	0	0	10920	872415905	0	false	false	0	0	0	0	false	0	false	0	false	0	false	0
805307639	3	0	1	0	0	0	0	0	0	0	0	0	0	0	0	0	0	0	0	0	0	0	0	0	0	0	0	0	22248	0	0	0	0	0	0	0	0	0	0	0	0	0	0	0	0	0	0	0	0	0	0	0	0	0	0	0	10920	872415905	0	false	false	0	0	0	0	false	0	false	0	false	0	false	0
805307640	4	0	1	0	0	0	0	0	0	0	0	0	0	0	0	0	0	0	0	0	0	0	0	0	0	0	0	0	22249	0	0	0	0	0	0	0	0	0	0	0	0	0	0	0	0	0	0	0	0	0	0	0	0	0	0	0	10920	872415905	0	false	false	0	0	0	0	false	0	false	0	false	0	false	0
805307606	0	0	1	0	0	0	0	0	0	0	0	0	0	0	0	0	0	0	0	0	0	0	0	0	0	0	0	0	0	0	0	0	0	25967	0	0	0	0	0	0	0	0	0	0	0	0	0	0	0	0	0	0	0	0	0	1	10920	872415902	0	false	false	0	0	0	0	false	0	false	0	false	0	false	0
805307607	1	0	1	0	0	0	0	0	0	0	0	0	0	0	0	0	0	0	0	0	0	0	0	0	0	0	0	0	0	0	0	0	0	25968	0	0	0	0	0	0	0	0	0	0	0	0	0	0	0	0	0	0	0	0	0	0	10920	872415902	0	false	false	0	0	0	0	false	0	false	0	false	0	false	0
805307608	2	0	1	0	0	0	0	0	0	0	0	0	0	0	0	0	0	0	0	0	0	0	0	0	0	0	0	0	0	0	0	0	0	25969	0	0	0	0	0	0	0	0	0	0	0	0	0	0	0	0	0	0	0	0	0	0	10920	872415902	0	false	false	0	0	0	0	false	0	false	0	false	0	false	0
805307609	3	0	1	0	0	0	0	0	0	0	0	0	0	0	0	0	0	0	0	0	0	0	0	0	0	0	0	0	0	0	0	0	0	25970	0	0	0	0	0	0	0	0	0	0	0	0	0	0	0	0	0	0	0	0	0	0	10920	872415902	0	false	false	0	0	0	0	false	0	false	0	false	0	false	0
805307610	4	0	1	0	0	0	0	0	0	0	0	0	0	0	0	0	0	0	0	0	0	0	0	0	0	0	0	0	0	0	0	0	0	25971	0	0	0	0	0	0	0	0	0	0	0	0	0	0	0	0	0	0	0	0	0	0	10920	872415902	0	false	false	0	0	0	0	false	0	false	0	false	0	false	0
805308904	0	0	1	0	0	0	0	0	0	0	0	0	0	0	0	0	0	0	0	0	0	0	0	0	0	0	0	0	0	0	0	0	0	0	0	0	0	0	32346	0	0	0	0	32346	0	0	0	0	0	0	0	0	0	0	0	0	10920	872415908	0	false	false	0	0	0	0	false	0	false	0	false	0	false	0
805308905	1	0	1	0	0	0	0	0	0	0	0	0	0	0	0	0	0	0	0	0	0	0	0	0	0	0	0	0	0	0	0	0	0	0	0	0	0	0	32343	0	0	0	0	32343	0	0	0	0	0	0	0	0	0	0	0	0	10920	872415908	0	false	false	0	0	0	0	false	0	false	0	false	0	false	0
805308906	2	0	1	0	0	0	0	0	0	0	0	0	0	0	0	0	0	0	0	0	0	0	0	0	0	0	0	0	0	0	0	0	0	0	0	0	0	0	32347	0	0	0	0	32347	0	0	0	0	0	0	0	0	0	0	0	0	10920	872415908	0	false	false	0	0	0	0	false	0	false	0	false	0	false	0
805308907	3	0	1	0	0	0	0	0	0	0	0	0	0	0	0	0	0	0	0	0	0	0	0	0	0	0	0	0	0	0	0	0	0	0	0	0	0	0	32345	0	0	0	0	32345	0	0	0	0	0	0	0	0	0	0	0	0	10920	872415908	0	false	false	0	0	0	0	false	0	false	0	false	0	false	0
805308908	4	0	1	0	0	0	0	0	0	0	0	0	0	0	0	0	0	0	0	0	0	0	0	0	0	0	0	0	0	0	0	0	0	0	0	0	0	0	32344	0	0	0	0	32344	0	0	0	0	0	0	0	0	0	0	0	0	10920	872415908	0	false	false	0	0	0	0	false	0	false	0	false	0	false	0
805308909	9	0	1	0	0	0	0	0	0	0	0	0	0	0	0	0	0	0	0	0	0	0	0	0	0	0	0	0	0	0	0	0	0	0	0	0	0	0	23651	32377	32378	0	0	23651	32377	32378	0	0	23651	32377	32378	0	0	0	0	0	10920	872415908	0	false	false	0	0	0	0	false	0	false	0	false	0	false	0
805307845	9	0	1	23651	7505	7504	0	0	23651	7505	7504	0	0	23651	7505	7504	0	0	23651	7505	7504	0	0	0	0	0	0	0	0	0	0	0	0	0	0	0	0	0	0	0	0	0	0	0	0	0	0	0	0	0	0	0	0	0	0	0	10920	872415886	0	false	false	0	0	0	0	false	0	false	0	false	0	false	0
805307846	9	0	1	23651	7496	7495	0	0	23651	7496	7495	0	0	23651	7496	7495	0	0	23651	7496	7495	0	0	0	0	0	0	0	0	0	0	0	0	0	0	0	0	0	0	0	0	0	0	0	0	0	0	0	0	0	0	0	0	0	0	0	10920	872415890	0	false	false	0	0	0	0	false	0	false	0	false	0	false	0
805307847	9	0	1	23651	7502	7501	0	0	23651	7502	7501	0	0	23651	7502	7501	0	0	23651	7502	7501	0	0	0	0	0	0	0	0	0	0	0	0	0	0	0	0	0	0	0	0	0	0	0	0	0	0	0	0	0	0	0	0	0	0	0	10920	872415893	0	false	false	0	0	0	0	false	0	false	0	false	0	false	0
805307848	9	0	1	23651	7499	7498	0	0	23651	7499	7498	0	0	23651	7499	7498	0	0	23651	7499	7498	0	0	0	0	0	0	0	0	0	0	0	0	0	0	0	0	0	0	0	0	0	0	0	0	0	0	0	0	0	0	0	0	0	0	0	10920	872415896	0	false	false	0	0	0	0	false	0	false	0	false	0	false	0
805307849	9	0	1	23651	7493	7492	0	0	23651	7493	7492	0	0	23651	7493	7492	0	0	23651	7493	7492	0	0	23651	7493	7492	0	0	0	0	0	0	0	0	0	0	0	0	0	0	0	0	0	0	0	0	0	0	0	0	0	0	0	0	0	0	10920	872415899	0	false	true	0	0	0	0	false	0	false	0	false	0	false	0
805307850	9	0	1	0	0	0	0	0	0	0	0	0	0	0	0	0	0	0	0	0	0	0	0	0	0	0	0	0	23651	18837	18836	0	0	0	0	0	0	0	0	0	0	0	0	0	0	0	0	0	0	0	0	0	0	0	0	0	10920	872415905	0	false	false	0	0	0	0	false	0	false	0	false	0	false	0
805307844	9	0	1	0	0	0	0	0	0	0	0	0	0	0	0	0	0	0	0	0	0	0	0	0	0	0	0	0	0	0	0	0	0	23651	25438	25439	0	0	0	0	0	0	0	0	0	0	0	0	0	0	0	0	0	0	0	0	10920	872415902	0	false	false	0	0	0	0	false	0	false	0	false	0	false	0
805307851	12	0	1	35955	35954	35953	0	0	35955	35954	35953	0	0	35955	35954	35953	0	0	35955	35954	35953	0	0	35955	35954	35953	0	0	35955	35954	35953	0	0	35955	35954	35953	0	0	35955	35954	35953	0	0	35955	35954	35953	0	0	35955	35954	35953	0	0	0	0	0	10920	0	0	false	false	0	0	0	0	false	0	false	0	false	0	false	0
805309740	0	0	1	37654	0	0	0	0	37648	0	0	0	0	37653	0	0	0	0	37650	0	0	0	0	37647	0	0	0	0	37651	0	0	0	0	37649	0	0	0	0	37652	0	0	0	0	37655	0	0	0	0	0	0	0	0	0	0	0	2	10920	0	0	false	true	0	0	0	0	false	0	false	0	false	0	false	0
805309741	0	0	1	22086	22104	22080	0	0	22089	22105	22081	0	0	22092	22106	22082	0	0	22095	22107	22083	0	0	22098	22108	22084	0	0	22101	22109	22085	0	0	27633	27631	27632	0	0	32183	33095	33096	0	0	32183	33095	33096	0	0	0	0	0	0	0	0	0	0	10920	0	0	true	false	0	0	0	0	false	0	false	0	false	0	false	0
805309742	10	0	1	23483	23478	23479	0	0	23483	23478	23479	0	0	23483	23478	23479	0	0	23483	23478	23479	0	0	23483	23478	23479	0	0	23483	23478	23479	0	0	23483	23478	23479	0	0	23483	23478	23479	0	0	23483	23478	23479	0	0	23483	23478	23479	0	0	0	0	0	10920	0	0	false	false	0	0	0	0	false	0	false	0	false	0	false	0
805309773	9	0	1	37924	37923	37922	0	0	37924	37923	37922	0	0	37924	37923	37922	0	0	37924	37923	37922	0	0	37924	37923	37922	0	0	37924	37923	37922	0	0	37924	37923	37922	0	0	37924	37923	37922	0	0	37924	37923	37922	0	0	37924	37923	37922	0	0	0	0	0	10920	872415627	0	false	false	0	0	0	0	true	1000021440	false	0	false	0	false	0
805309793	0	0	1	38115	0	0	0	0	38108	0	0	0	0	38114	0	0	0	0	38110	0	0	0	0	38107	0	0	0	0	38111	0	0	0	0	38109	0	0	0	0	38112	0	0	0	0	38508	0	0	0	0	0	0	0	0	0	0	0	0	10920	0	0	false	true	0	0	0	0	false	0	false	0	false	0	false	0
805309794	12	0	1	38417	38416	38415	0	0	38417	38416	38415	0	0	38417	38416	38415	0	0	38417	38416	38415	0	0	38417	38416	38415	0	0	38417	38416	38415	0	0	38417	38416	38415	0	0	38417	38416	38415	0	0	38417	38416	38415	0	0	38417	38416	38415	0	0	0	0	0	10920	0	0	false	false	0	0	0	0	false	0	false	0	false	0	false	0
805309795	10	0	1	39200	39201	39202	0	0	39200	39201	39202	0	0	39200	39201	39202	0	0	39200	39201	39202	0	0	39200	39201	39202	0	0	39200	39201	39202	0	0	39200	39201	39202	0	0	39200	39201	39202	0	0	39200	39201	39202	0	0	39200	39201	39202	0	0	0	0	0	10920	0	0	false	false	0	0	0	0	false	0	false	0	false	0	false	0
805309796	9	0	1	39197	39198	39199	0	0	39197	39198	39199	0	0	39197	39198	39199	0	0	39197	39198	39199	0	0	39197	39198	39199	0	0	39197	39198	39199	0	0	39197	39198	39199	0	0	39197	39198	39199	0	0	39197	39198	39199	0	0	39197	39198	39199	0	0	0	0	0	10920	0	0	false	false	0	0	0	0	false	0	false	0	false	0	false	0
805309811	1	10000	1	0	0	0	0	0	0	0	0	0	0	0	0	0	0	0	0	0	0	0	0	0	0	0	0	0	0	0	0	0	0	0	0	0	0	0	0	0	0	0	0	38356	0	0	0	0	0	0	0	0	0	0	0	0	10920	0	0	false	false	2	3	4	0	false	0	false	0	false	0	false	0
805309812	1	10000	1	0	0	0	0	0	0	0	0	0	0	0	0	0	0	0	0	0	0	0	0	0	0	0	0	0	0	0	0	0	0	0	0	0	0	0	0	0	0	0	0	38356	0	0	0	0	0	0	0	0	0	0	0	0	10920	0	0	false	false	2	3	4	0	false	0	false	0	false	0	false	0
805309813	0	10000	1	0	0	0	0	0	0	0	0	0	0	0	0	0	0	0	0	0	0	0	0	0	0	0	0	0	0	0	0	0	0	0	0	0	0	0	0	0	0	0	0	38357	0	0	0	0	0	0	0	0	0	0	0	0	10920	0	0	false	false	0	0	0	0	false	0	false	0	false	0	false	0
805309814	0	0	1	0	0	0	0	0	0	0	0	0	0	0	0	0	0	0	0	0	0	0	0	0	0	0	0	0	0	0	0	0	0	0	0	0	0	0	0	0	0	0	0	38432	0	0	0	0	0	0	0	0	0	0	0	0	10920	872415975	0	false	false	0	0	0	0	true	1000100198	false	0	false	0	false	0
805309815	1	0	1	0	0	0	0	0	0	0	0	0	0	0	0	0	0	0	0	0	0	0	0	0	0	0	0	0	0	0	0	0	0	0	0	0	0	0	0	0	0	0	0	38429	0	0	0	0	0	0	0	0	0	0	0	0	10920	872415975	0	false	false	0	0	0	0	true	1000100198	false	0	false	0	false	0
805309816	2	0	1	0	0	0	0	0	0	0	0	0	0	0	0	0	0	0	0	0	0	0	0	0	0	0	0	0	0	0	0	0	0	0	0	0	0	0	0	0	0	0	0	38433	0	0	0	0	0	0	0	0	0	0	0	0	10920	872415975	0	false	false	0	0	0	0	true	1000100198	false	0	false	0	false	0
805309817	3	0	1	0	0	0	0	0	0	0	0	0	0	0	0	0	0	0	0	0	0	0	0	0	0	0	0	0	0	0	0	0	0	0	0	0	0	0	0	0	0	0	0	38431	0	0	0	0	0	0	0	0	0	0	0	0	10920	872415975	0	false	false	0	0	0	0	true	1000100198	false	0	false	0	false	0
805309818	4	0	1	0	0	0	0	0	0	0	0	0	0	0	0	0	0	0	0	0	0	0	0	0	0	0	0	0	0	0	0	0	0	0	0	0	0	0	0	0	0	0	0	38430	0	0	0	0	0	0	0	0	0	0	0	0	10920	872415975	0	false	false	0	0	0	0	true	1000100198	false	0	false	0	false	0
805309859	9	0	1	39111	39110	39109	0	0	39111	39110	39109	0	0	39111	39110	39109	0	0	39111	39110	39109	0	0	39111	39110	39109	0	0	39111	39110	39109	0	0	39111	39110	39109	0	0	39111	39110	39109	0	0	39111	39110	39109	0	0	0	0	0	0	0	0	0	0	10920	872415975	0	false	false	0	0	0	0	true	1000100198	false	0	false	0	false	0
805309824	0	0	1	0	0	0	0	0	0	0	0	0	0	0	0	0	0	0	0	0	0	0	0	0	0	0	0	0	0	0	0	0	0	0	0	0	0	0	0	0	0	0	0	38452	0	0	0	0	0	0	0	0	0	0	0	0	10920	872415965	0	false	false	0	0	0	0	false	0	false	0	false	0	false	0
805309825	1	0	1	0	0	0	0	0	0	0	0	0	0	0	0	0	0	0	0	0	0	0	0	0	0	0	0	0	0	0	0	0	0	0	0	0	0	0	0	0	0	0	0	38449	0	0	0	0	0	0	0	0	0	0	0	0	10920	872415965	0	false	false	0	0	0	0	false	0	false	0	false	0	false	0
805309826	2	0	1	0	0	0	0	0	0	0	0	0	0	0	0	0	0	0	0	0	0	0	0	0	0	0	0	0	0	0	0	0	0	0	0	0	0	0	0	0	0	0	0	38453	0	0	0	0	0	0	0	0	0	0	0	0	10920	872415965	0	false	false	0	0	0	0	false	0	false	0	false	0	false	0
805309827	3	0	1	0	0	0	0	0	0	0	0	0	0	0	0	0	0	0	0	0	0	0	0	0	0	0	0	0	0	0	0	0	0	0	0	0	0	0	0	0	0	0	0	38451	0	0	0	0	0	0	0	0	0	0	0	0	10920	872415965	0	false	false	0	0	0	0	false	0	false	0	false	0	false	0
805309828	4	0	1	0	0	0	0	0	0	0	0	0	0	0	0	0	0	0	0	0	0	0	0	0	0	0	0	0	0	0	0	0	0	0	0	0	0	0	0	0	0	0	0	38450	0	0	0	0	0	0	0	0	0	0	0	0	10920	872415965	0	false	false	0	0	0	0	false	0	false	0	false	0	false	0
805309829	9	0	1	0	0	0	0	0	0	0	0	0	0	0	0	0	0	0	0	0	0	0	0	0	0	0	0	0	0	0	0	0	0	0	0	0	0	0	0	0	0	0	0	25960	39110	39109	0	0	0	0	0	0	0	0	0	0	10920	872415965	0	false	false	0	0	0	0	false	0	false	0	false	0	false	0
805309830	0	0	1	0	0	0	0	0	0	0	0	0	0	0	0	0	0	0	0	0	0	0	0	0	0	0	0	0	0	0	0	0	0	0	0	0	0	0	0	0	0	0	0	38447	0	0	0	0	0	0	0	0	0	0	0	0	10920	872415964	0	false	false	0	0	0	0	false	0	false	0	false	0	false	0
805309831	1	0	1	0	0	0	0	0	0	0	0	0	0	0	0	0	0	0	0	0	0	0	0	0	0	0	0	0	0	0	0	0	0	0	0	0	0	0	0	0	0	0	0	38444	0	0	0	0	0	0	0	0	0	0	0	0	10920	872415964	0	false	false	0	0	0	0	false	0	false	0	false	0	false	0
805309832	2	0	1	0	0	0	0	0	0	0	0	0	0	0	0	0	0	0	0	0	0	0	0	0	0	0	0	0	0	0	0	0	0	0	0	0	0	0	0	0	0	0	0	38448	0	0	0	0	0	0	0	0	0	0	0	0	10920	872415964	0	false	false	0	0	0	0	false	0	false	0	false	0	false	0
805309833	3	0	1	0	0	0	0	0	0	0	0	0	0	0	0	0	0	0	0	0	0	0	0	0	0	0	0	0	0	0	0	0	0	0	0	0	0	0	0	0	0	0	0	38446	0	0	0	0	0	0	0	0	0	0	0	0	10920	872415964	0	false	false	0	0	0	0	false	0	false	0	false	0	false	0
805309834	4	0	1	0	0	0	0	0	0	0	0	0	0	0	0	0	0	0	0	0	0	0	0	0	0	0	0	0	0	0	0	0	0	0	0	0	0	0	0	0	0	0	0	38445	0	0	0	0	0	0	0	0	0	0	0	0	10920	872415964	0	false	false	0	0	0	0	false	0	false	0	false	0	false	0
805309835	9	0	1	0	0	0	0	0	0	0	0	0	0	0	0	0	0	0	0	0	0	0	0	0	0	0	0	0	0	0	0	0	0	0	0	0	0	0	0	0	0	0	0	23651	39110	39109	0	0	23651	39110	39109	0	0	0	0	0	10920	872415964	0	false	false	0	0	0	0	false	0	false	0	false	0	false	0
805309836	0	0	1	0	0	0	0	0	0	0	0	0	0	0	0	0	0	0	0	0	0	0	0	0	0	0	0	0	0	0	0	0	0	0	0	0	0	0	0	0	0	0	0	38956	0	0	0	0	0	0	0	0	0	0	0	0	10920	872415963	0	false	false	0	0	0	0	false	0	false	0	false	0	false	0
805309837	1	0	1	0	0	0	0	0	0	0	0	0	0	0	0	0	0	0	0	0	0	0	0	0	0	0	0	0	0	0	0	0	0	0	0	0	0	0	0	0	0	0	0	38661	0	0	0	0	0	0	0	0	0	0	0	0	10920	872415963	0	false	false	0	0	0	0	false	0	false	0	false	0	false	0
805309838	2	0	1	0	0	0	0	0	0	0	0	0	0	0	0	0	0	0	0	0	0	0	0	0	0	0	0	0	0	0	0	0	0	0	0	0	0	0	0	0	0	0	0	38665	0	0	0	0	0	0	0	0	0	0	0	0	10920	872415963	0	false	false	0	0	0	0	false	0	false	0	false	0	false	0
805309839	3	0	1	0	0	0	0	0	0	0	0	0	0	0	0	0	0	0	0	0	0	0	0	0	0	0	0	0	0	0	0	0	0	0	0	0	0	0	0	0	0	0	0	38663	0	0	0	0	0	0	0	0	0	0	0	0	10920	872415963	0	false	false	0	0	0	0	false	0	false	0	false	0	false	0
805309840	4	0	1	0	0	0	0	0	0	0	0	0	0	0	0	0	0	0	0	0	0	0	0	0	0	0	0	0	0	0	0	0	0	0	0	0	0	0	0	0	0	0	0	38662	0	0	0	0	0	0	0	0	0	0	0	0	10920	872415963	0	false	false	0	0	0	0	false	0	false	0	false	0	false	0
805311856	0	0	1	0	0	0	0	0	0	0	0	0	0	0	0	0	0	0	0	0	0	0	0	0	0	0	0	0	0	0	0	0	0	0	0	0	0	0	0	0	0	0	0	38955	0	0	0	0	0	0	0	0	0	0	0	0	10920	0	0	false	false	0	0	0	0	false	0	false	0	false	0	false	0
805311857	1	0	1	0	0	0	0	0	0	0	0	0	0	0	0	0	0	0	0	0	0	0	0	0	0	0	0	0	0	0	0	0	0	0	0	0	0	0	0	0	0	0	0	38656	0	0	0	0	0	0	0	0	0	0	0	0	10920	0	0	false	false	0	0	0	0	false	0	false	0	false	0	false	0
805311858	2	0	1	0	0	0	0	0	0	0	0	0	0	0	0	0	0	0	0	0	0	0	0	0	0	0	0	0	0	0	0	0	0	0	0	0	0	0	0	0	0	0	0	38660	0	0	0	0	0	0	0	0	0	0	0	0	10920	0	0	false	false	0	0	0	0	false	0	false	0	false	0	false	0
805311859	3	0	1	0	0	0	0	0	0	0	0	0	0	0	0	0	0	0	0	0	0	0	0	0	0	0	0	0	0	0	0	0	0	0	0	0	0	0	0	0	0	0	0	38658	0	0	0	0	0	0	0	0	0	0	0	0	10920	0	0	false	false	0	0	0	0	false	0	false	0	false	0	false	0
805311860	4	0	1	0	0	0	0	0	0	0	0	0	0	0	0	0	0	0	0	0	0	0	0	0	0	0	0	0	0	0	0	0	0	0	0	0	0	0	0	0	0	0	0	38657	0	0	0	0	0	0	0	0	0	0	0	0	10920	0	0	false	false	0	0	0	0	false	0	false	0	false	0	false	0
805311861	0	0	1	0	0	0	0	0	0	0	0	0	0	0	0	0	0	0	0	0	0	0	0	0	0	0	0	0	0	0	0	0	0	0	0	0	0	0	0	0	0	0	0	38957	0	0	0	0	0	0	0	0	0	0	0	0	10920	0	0	false	false	0	0	0	0	false	0	false	0	false	0	false	0
805311862	1	0	1	0	0	0	0	0	0	0	0	0	0	0	0	0	0	0	0	0	0	0	0	0	0	0	0	0	0	0	0	0	0	0	0	0	0	0	0	0	0	0	0	38666	0	0	0	0	0	0	0	0	0	0	0	0	10920	0	0	false	false	0	0	0	0	false	0	false	0	false	0	false	0
805311863	2	0	1	0	0	0	0	0	0	0	0	0	0	0	0	0	0	0	0	0	0	0	0	0	0	0	0	0	0	0	0	0	0	0	0	0	0	0	0	0	0	0	0	38670	0	0	0	0	0	0	0	0	0	0	0	0	10920	0	0	false	false	0	0	0	0	false	0	false	0	false	0	false	0
805311864	3	0	1	0	0	0	0	0	0	0	0	0	0	0	0	0	0	0	0	0	0	0	0	0	0	0	0	0	0	0	0	0	0	0	0	0	0	0	0	0	0	0	0	38668	0	0	0	0	0	0	0	0	0	0	0	0	10920	0	0	false	false	0	0	0	0	false	0	false	0	false	0	false	0
805311865	4	0	1	0	0	0	0	0	0	0	0	0	0	0	0	0	0	0	0	0	0	0	0	0	0	0	0	0	0	0	0	0	0	0	0	0	0	0	0	0	0	0	0	38667	0	0	0	0	0	0	0	0	0	0	0	0	10920	0	0	false	false	0	0	0	0	false	0	false	0	false	0	false	0
805307372	12	0	1	20699	20700	20698	0	0	20699	20700	20698	0	0	20699	20700	20698	0	0	20699	20700	20698	0	0	20699	20700	20698	0	0	20699	20700	20698	0	0	20699	20700	20698	0	0	20699	20700	20698	0	0	20699	20700	20698	0	0	20699	20700	20698	0	0	0	0	0	10920	872415454	0	false	false	0	0	0	0	true	1000053190	false	0	false	0	false	0
805307434	11	0	1	0	0	0	0	20705	0	0	0	0	20705	0	0	0	0	20705	0	0	0	0	20705	0	0	0	0	20705	0	0	0	0	20705	0	0	0	0	20705	0	0	0	0	20705	0	0	0	0	20705	0	0	0	0	20705	0	0	0	10920	872415454	0	false	false	0	0	0	0	true	1000053190	false	0	false	0	false	0
805309916	9	0	1	18552	18555	18554	0	0	18552	18555	18554	0	0	18552	18555	18554	0	0	18552	18555	18554	0	0	18552	18555	18554	0	0	18552	18555	18554	0	0	18552	18555	18554	0	0	18552	18555	18554	0	0	18552	18555	18554	0	0	18552	18555	18554	0	0	0	0	0	10920	872415627	0	false	false	0	0	0	0	true	1000021440	false	0	false	0	false	0
805309917	10	0	1	39746	22144	22145	0	0	39746	22144	22145	0	0	39746	22144	22145	0	0	39746	22144	22145	0	0	39746	22144	22145	0	0	39746	22144	22145	0	0	39746	22144	22145	0	0	39746	22144	22145	0	0	39746	22144	22145	0	0	39746	22144	22145	0	0	0	0	0	10920	872415627	0	false	false	0	0	0	0	true	1000021440	false	0	false	0	false	0
805309918	11	0	1	0	0	0	0	24125	0	0	0	0	24125	0	0	0	0	24125	0	0	0	0	24125	0	0	0	0	24125	0	0	0	0	24125	0	0	0	0	24125	0	0	0	0	24125	0	0	0	0	24125	0	0	0	0	24125	0	0	0	10920	872415627	0	false	false	0	0	0	0	true	1000021440	false	0	false	0	false	0
805309976	9	0	1	40588	15838	15839	0	0	40588	15838	15839	0	0	40588	15838	15839	0	0	40588	15838	15839	0	0	40588	15838	15839	0	0	40588	15838	15839	0	0	40588	15838	15839	0	0	40588	15838	15839	0	0	40588	15838	15839	0	0	40588	15838	15839	0	0	0	0	0	10920	872415627	0	false	false	0	0	0	0	true	1000021440	false	0	false	0	false	0
805309977	10	0	1	40589	21184	21183	0	0	40589	21184	21183	0	0	40589	21184	21183	0	0	40589	21184	21183	0	0	40589	21184	21183	0	0	40589	21184	21183	0	0	40589	21184	21183	0	0	40589	21184	21183	0	0	40589	21184	21183	0	0	40589	21184	21183	0	0	0	0	0	10920	872415627	0	false	false	0	0	0	0	true	1000021440	false	0	false	0	false	0
805309978	11	0	1	0	0	0	0	40587	0	0	0	0	40587	0	0	0	0	40587	0	0	0	0	40587	0	0	0	0	40587	0	0	0	0	40587	0	0	0	0	40587	0	0	0	0	40587	0	0	0	0	40587	0	0	0	0	40587	0	0	0	10920	872415627	0	false	false	0	0	0	0	true	1000021440	false	0	false	0	false	0
805312563	12	0	1	40139	40140	40141	0	0	40139	40140	40141	0	0	40139	40140	40141	0	0	40139	40140	40141	0	0	40139	40140	40141	0	0	40139	40140	40141	0	0	40139	40140	40141	0	0	40139	40140	40141	0	0	40139	40140	40141	0	0	40139	40140	40141	0	0	0	0	0	10920	0	0	false	false	0	0	0	0	false	0	false	0	false	0	false	0
805309979	12	0	1	40139	40140	40141	0	0	40139	40140	40141	0	0	40139	40140	40141	0	0	40139	40140	40141	0	0	40139	40140	40141	0	0	40139	40140	40141	0	0	40139	40140	40141	0	0	40139	40140	40141	0	0	40139	40140	40141	0	0	40139	40140	40141	0	0	0	0	0	10920	17308928	0	false	false	0	0	0	0	true	1000021440	false	0	false	0	false	0
805309908	5	0	1	0	0	0	0	0	0	0	0	0	0	0	0	0	0	0	0	0	0	0	0	0	0	0	0	0	0	0	0	0	0	0	0	0	0	0	0	0	0	0	0	0	0	0	0	0	0	0	0	0	0	0	0	0	10920	872415627	0	false	false	0	0	0	0	true	1000021440	false	0	false	0	false	0
805310017	0	0	1	41012	0	0	0	0	41013	0	0	0	0	41009	0	0	0	0	41014	0	0	0	0	41010	0	0	0	0	41015	0	0	0	0	41011	0	0	0	0	41008	0	0	0	0	41016	0	0	0	0	0	0	0	0	0	0	0	2	10920	0	0	false	false	0	0	0	0	false	0	false	0	false	0	false	0
805310018	10	0	1	41017	6580	6579	0	0	41017	6580	6579	0	0	41017	6580	6579	0	0	41017	6580	6579	0	0	41017	6580	6579	0	0	41017	6580	6579	0	0	41017	6580	6579	0	0	41017	6580	6579	0	0	41017	6580	6579	0	0	41017	6580	6579	0	0	0	0	0	10920	872415627	0	false	false	0	0	0	0	true	1000021440	false	0	false	0	false	0
805310019	9	0	1	41018	20572	41237	0	0	41018	20572	41237	0	0	41018	20572	41237	0	0	41018	20572	41237	0	0	41018	20572	41237	0	0	41018	20572	41237	0	0	41018	20572	41237	0	0	41018	20572	41237	0	0	41018	20572	41237	0	0	41018	20572	41237	0	0	0	0	0	10920	872415627	0	false	false	0	0	0	0	true	1000021440	false	0	false	0	false	0
805310020	7	0	1	0	0	6476	0	0	0	0	6476	0	0	0	0	6476	0	0	0	0	6476	0	0	0	0	6476	0	0	0	0	6476	0	0	0	0	6476	0	0	0	0	6476	0	0	0	0	6476	0	0	0	0	6476	0	0	0	0	0	10920	872415627	0	false	false	0	0	0	0	true	1000021440	false	0	false	0	false	0
805310021	6	0	1	41019	6418	23503	0	0	41019	6418	23503	0	0	41019	6418	23503	0	0	41019	6418	23503	0	0	41019	6418	23503	0	0	41019	6418	23503	0	0	41019	6418	23503	0	0	41019	6418	23503	0	0	41019	6418	23503	0	0	41019	6418	23503	0	0	0	0	0	10920	872415627	0	false	false	0	0	0	0	true	1000021440	false	0	false	0	false	0
1073864380	12	0	1	35955	35954	35953	0	0	35955	35954	35953	0	0	35955	35954	35953	0	0	35955	35954	35953	0	0	35955	35954	35953	0	0	35955	35954	35953	0	0	35955	35954	35953	0	0	35955	35954	35953	0	0	35955	35954	35953	0	0	35955	35954	35953	0	0	0	0	0	10920	0	0	false	false	0	0	0	0	false	0	false	0	false	0	false	0
805310051	0	0	1	41270	0	0	0	0	41263	0	0	0	0	41269	0	0	0	0	41265	0	0	0	0	41262	0	0	0	0	41266	0	0	0	0	41264	0	0	0	0	41267	0	0	0	0	41268	0	0	0	0	0	0	0	0	0	0	0	1	10920	0	0	false	true	0	0	0	0	false	0	false	0	false	0	false	0
805310075	0	0	1	18187	0	0	0	0	18189	0	0	0	0	18191	0	0	0	0	18193	0	0	0	0	18195	0	0	0	0	19347	0	0	0	0	41914	0	0	0	0	32716	0	0	0	0	41784	0	0	0	0	0	0	0	0	0	0	0	1	10920	0	0	false	true	0	0	0	0	false	0	false	0	false	0	false	0
805310077	0	0	1	41915	0	0	0	0	41916	0	0	0	0	41917	0	0	0	0	41918	0	0	0	0	41919	0	0	0	0	41920	0	0	0	0	41921	0	0	0	0	41922	0	0	0	0	41923	0	0	0	0	0	0	0	0	0	0	0	1	10920	0	0	false	true	0	0	0	0	false	0	false	0	false	0	false	0
805310078	12	0	1	42180	42181	42182	0	0	42180	42181	42182	0	0	42180	42181	42182	0	0	42180	42181	42182	0	0	42180	42181	42182	0	0	42180	42181	42182	0	0	42180	42181	42182	0	0	42180	42181	42182	0	0	42180	42181	42182	0	0	42180	42181	42182	0	0	0	0	0	10920	17308928	0	false	false	0	0	0	0	true	1000021440	false	0	false	0	false	0
805310102	9	0	1	0	0	0	0	0	42242	42241	42240	0	0	0	0	0	0	0	0	0	0	0	0	0	0	0	0	0	0	0	0	0	0	0	0	0	0	0	0	0	0	0	0	0	0	0	0	0	0	0	0	0	0	0	0	0	10920	0	0	false	false	0	0	0	0	false	0	false	0	false	0	false	0
805310108	9	0	1	42481	42480	42479	0	0	42481	42480	42479	0	0	42481	42480	42479	0	0	42481	42480	42479	0	0	42481	42480	42479	0	0	42481	42480	42479	0	0	42481	42480	42479	0	0	42481	42480	42479	0	0	42481	42480	42479	0	0	42481	42480	42479	0	0	0	0	0	10920	872415627	0	false	false	0	0	0	0	true	1000021440	false	0	false	0	false	0
805310109	10	0	1	42484	42483	42482	0	0	42484	42483	42482	0	0	42484	42483	42482	0	0	42484	42483	42482	0	0	42484	42483	42482	0	0	42484	42483	42482	0	0	42484	42483	42482	0	0	42484	42483	42482	0	0	42484	42483	42482	0	0	42484	42483	42482	0	0	0	0	0	10920	872415627	0	false	false	0	0	0	0	true	1000021440	false	0	false	0	false	0
805310110	11	0	1	0	0	0	0	42485	0	0	0	0	42485	0	0	0	0	42485	0	0	0	0	42485	0	0	0	0	42485	0	0	0	0	42485	0	0	0	0	42485	0	0	0	0	42485	0	0	0	0	42485	0	0	0	0	42485	0	0	0	10920	872415627	0	false	false	0	0	0	0	true	1000021440	false	0	false	0	false	0
805310116	0	0	1	42718	0	0	0	0	42711	0	0	0	0	42717	0	0	0	0	42713	0	0	0	0	42710	0	0	0	0	42714	0	0	0	0	42712	0	0	0	0	42715	0	0	0	0	42716	0	0	0	0	0	0	0	0	0	0	0	2	10920	872415713	0	false	true	0	0	0	0	true	1000010032	false	0	false	0	false	0
805310095	0	0	1	42212	0	0	0	0	42205	0	0	0	0	42211	0	0	0	0	42207	0	0	0	0	42204	0	0	0	0	42208	0	0	0	0	42206	0	0	0	0	42209	0	0	0	0	42210	0	0	0	0	0	0	0	0	0	0	0	0	10920	0	0	false	true	0	0	0	0	false	0	false	0	false	0	false	0
805310165	12	0	1	41579	14307	23436	0	0	41579	14307	23436	0	0	41579	14307	23436	0	0	41579	14307	23436	0	0	41579	14307	23436	0	0	41579	14307	23436	0	0	41579	14307	23436	0	0	41579	14307	23436	0	0	41579	14307	23436	0	0	41579	14307	23436	0	0	0	0	0	10920	0	0	false	false	0	0	0	0	false	0	false	0	false	0	false	0
805310172	9	0	1	43074	43076	43075	0	0	43074	43076	43075	0	0	43074	43076	43075	0	0	43074	43076	43075	0	0	43074	43076	43075	0	0	43074	43076	43075	0	0	43074	43076	43075	0	0	43074	43076	43075	0	0	43074	43076	43075	0	0	43074	43076	43075	0	0	0	0	0	10920	872415627	0	false	false	0	0	0	0	true	1000021440	false	0	false	0	false	0
805310173	11	0	1	0	0	0	0	43073	0	0	0	0	43073	0	0	0	0	43073	0	0	0	0	43073	0	0	0	0	43073	0	0	0	0	43073	0	0	0	0	43073	0	0	0	0	43073	0	0	0	0	43073	0	0	0	0	43073	0	0	0	10920	872415627	0	false	false	0	0	0	0	true	1000021440	false	0	false	0	false	0
805310176	5	0	1	0	0	0	0	0	0	0	0	0	0	0	0	0	0	0	0	0	0	0	0	0	0	0	0	0	0	0	0	0	0	0	0	0	0	0	0	0	0	0	0	0	0	0	0	0	0	0	0	0	0	0	0	0	10920	872415627	0	false	false	0	0	0	0	true	1000021440	false	0	false	0	false	0
805310191	0	0	1	43236	43245	43254	0	0	43229	43237	43246	0	0	43235	43244	43253	0	0	43231	43240	43249	0	0	43228	43238	43247	0	0	43232	43241	43250	0	0	43230	43239	43248	0	0	43233	43242	43251	0	0	43234	43243	43252	0	0	0	0	0	0	0	0	0	1	10920	0	0	true	true	0	0	0	0	false	0	false	0	false	0	false	0
805310080	0	0	1	42257	42282	42283	0	0	42258	42268	42269	0	0	42256	42280	42281	0	0	42260	42272	42273	0	0	42249	42266	42267	0	0	42261	42274	42275	0	0	42259	42270	42271	0	0	42254	42276	42277	0	0	42262	42278	42279	0	0	0	0	0	0	0	0	0	1	10920	0	0	true	true	0	0	0	0	false	0	false	0	false	0	false	0
805310081	0	0	1	42257	42282	42283	0	0	42258	42268	42269	0	0	42256	42280	42281	0	0	42260	42272	42273	0	0	42249	42266	42267	0	0	42261	42274	42275	0	0	42259	42270	42271	0	0	42254	42276	42277	0	0	42262	42278	42279	0	0	0	0	0	0	0	0	0	1	10920	0	0	true	true	0	0	0	0	false	0	false	0	false	0	false	0
805310082	12	0	1	42284	42285	42286	0	0	42284	42285	42286	0	0	42284	42285	42286	0	0	42284	42285	42286	0	0	42284	42285	42286	0	0	42284	42285	42286	0	0	42284	42285	42286	0	0	42284	42285	42286	0	0	42284	42285	42286	0	0	42284	42285	42286	0	0	0	0	0	10920	0	0	false	false	0	0	0	0	false	0	false	0	false	0	false	0
805310188	0	0	1	40818	0	0	0	0	40797	0	0	0	0	40815	0	0	0	0	40803	0	0	0	0	40794	0	0	0	0	40806	0	0	0	0	40800	0	0	0	0	40809	0	0	0	0	40812	0	0	0	0	0	0	0	0	0	0	0	0	10920	0	0	false	true	0	0	0	0	false	0	false	0	false	0	false	0
805310181	10	0	1	43120	21184	21183	0	0	43120	21184	21183	0	0	43120	21184	21183	0	0	43120	21184	21183	0	0	43120	21184	21183	0	0	43120	21184	21183	0	0	43120	21184	21183	0	0	43120	21184	21183	0	0	43120	21184	21183	0	0	43120	21184	21183	0	0	0	0	0	10920	872415627	0	false	false	0	0	0	0	true	1000021440	false	0	false	0	false	0
805310189	9	0	1	43147	43148	43149	0	0	43147	43148	43149	0	0	43147	43148	43149	0	0	43147	43148	43149	0	0	43147	43148	43149	0	0	43147	43148	43149	0	0	43147	43148	43149	0	0	43147	43148	43149	0	0	43147	43148	43149	0	0	43147	43148	43149	0	0	0	0	0	10920	872415627	0	false	false	0	0	0	0	true	1000021440	false	0	false	0	false	0
805310200	0	0	1	43204	0	0	0	0	43197	0	0	0	0	43203	0	0	0	0	43199	0	0	0	0	43196	0	0	0	0	43200	0	0	0	0	43198	0	0	0	0	43201	0	0	0	0	43202	0	0	0	0	0	0	0	0	0	0	0	1	10920	0	0	false	false	0	0	0	0	false	0	false	0	false	0	false	0
805310201	0	0	1	43204	0	0	0	0	43197	0	0	0	0	43203	0	0	0	0	43199	0	0	0	0	43196	0	0	0	0	43200	0	0	0	0	43198	0	0	0	0	43201	0	0	0	0	43202	0	0	0	0	0	0	0	0	0	0	0	1	10920	872415650	0	false	false	0	0	0	0	true	1000010032	false	0	false	0	false	0
805310202	0	0	1	43204	0	0	0	0	43197	0	0	0	0	43203	0	0	0	0	43199	0	0	0	0	43196	0	0	0	0	43200	0	0	0	0	43198	0	0	0	0	43201	0	0	0	0	43202	0	0	0	0	0	0	0	0	0	0	0	1	10920	17302784	0	false	false	0	0	0	0	true	1000010032	false	0	false	0	false	0
1073875039	7	0	1	0	0	35942	0	0	0	0	35942	0	0	0	0	35942	0	0	0	0	35942	0	0	0	0	35942	0	0	0	0	35942	0	0	0	0	35942	0	0	0	0	35942	0	0	0	0	35942	0	0	0	0	35942	0	0	0	0	0	10920	0	0	false	false	0	0	0	0	false	0	false	0	false	0	false	0
805310245	9	0	1	43414	27988	27989	0	0	43414	27988	27989	0	0	43414	27988	27989	0	0	43414	27988	27989	0	0	43414	27988	27989	0	0	43414	27988	27989	0	0	43414	27988	27989	0	0	43414	27988	27989	0	0	43414	27988	27989	0	0	43414	27988	27989	0	0	0	0	0	10920	872415627	0	false	false	0	0	0	0	true	1000021440	false	0	false	0	false	0
805310255	12	0	1	41579	14307	14306	0	0	41579	14307	14306	0	0	41579	14307	14306	0	0	41579	14307	14306	0	0	41579	14307	14306	0	0	41579	14307	14306	0	0	41579	14307	14306	0	0	41579	14307	14306	0	0	41579	14307	14306	0	0	41579	14307	14306	0	0	0	0	0	10920	0	0	false	false	0	0	0	0	false	0	false	0	false	0	false	0
805310260	0	0	1	40817	0	0	0	0	40796	0	0	0	0	40814	0	0	0	0	40802	0	0	0	0	40793	0	0	0	0	40805	0	0	0	0	40799	0	0	0	0	40808	0	0	0	0	40811	0	0	0	0	0	0	0	0	0	0	0	0	10920	0	0	false	true	0	0	0	0	false	0	false	0	false	0	false	0
805310287	0	0	1	43928	0	0	0	0	43931	0	0	0	0	43932	0	0	0	0	43930	0	0	0	0	43933	0	0	0	0	43925	0	0	0	0	43927	0	0	0	0	43926	0	0	0	0	43929	0	0	0	0	0	0	0	0	0	0	0	1	10920	0	0	false	false	0	0	0	0	false	0	false	0	false	0	false	0
805310288	12	0	1	43934	43935	43936	0	0	43934	43935	43936	0	0	43934	43935	43936	0	0	43934	43935	43936	0	0	43934	43935	43936	0	0	43934	43935	43936	0	0	43934	43935	43936	0	0	43934	43935	43936	0	0	43934	43935	43936	0	0	43934	43935	43936	0	0	0	0	0	10920	872415627	0	false	false	0	0	0	0	true	1000021440	false	0	false	0	false	0
805310300	9	0	1	43038	43039	43040	0	0	43038	43039	43040	0	0	43038	43039	43040	0	0	43038	43039	43040	0	0	43038	43039	43040	0	0	43038	43039	43040	0	0	43038	43039	43040	0	0	43038	43039	43040	0	0	43038	43039	43040	0	0	43038	43039	43040	0	0	0	0	0	10920	0	0	false	false	0	0	0	0	false	0	false	0	false	0	false	0
805310301	10	0	1	43035	43037	43036	0	0	43035	43037	43036	0	0	43035	43037	43036	0	0	43035	43037	43036	0	0	43035	43037	43036	0	0	43035	43037	43036	0	0	43035	43037	43036	0	0	43035	43037	43036	0	0	43035	43037	43036	0	0	43035	43037	43036	0	0	0	0	0	10920	0	0	false	false	0	0	0	0	false	0	false	0	false	0	false	0
805310302	11	0	1	0	0	0	0	43041	0	0	0	0	43041	0	0	0	0	43041	0	0	0	0	43041	0	0	0	0	43041	0	0	0	0	43041	0	0	0	0	43041	0	0	0	0	43041	0	0	0	0	43041	0	0	0	0	43041	0	0	0	10920	0	0	false	false	0	0	0	0	false	0	false	0	false	0	false	0
805310317	0	0	1	44828	0	0	0	0	44834	0	0	0	0	44829	0	0	0	0	44832	0	0	0	0	44835	0	0	0	0	44827	0	0	0	0	44833	0	0	0	0	44831	0	0	0	0	44830	0	0	0	0	0	0	0	0	0	0	0	0	10920	0	0	false	true	0	0	0	0	false	0	false	0	false	0	false	0
805310318	12	0	1	40609	40610	40611	0	0	40609	40610	40611	0	0	40609	40610	40611	0	0	40609	40610	40611	0	0	40609	40610	40611	0	0	40609	40610	40611	0	0	40609	40610	40611	0	0	40609	40610	40611	0	0	40609	40610	40611	0	0	40609	40610	40611	0	0	0	0	0	10920	0	0	false	false	0	0	0	0	false	0	false	0	false	0	false	0
805310319	10	0	1	40834	40836	40835	0	0	40834	40836	40835	0	0	40834	40836	40835	0	0	40834	40836	40835	0	0	40834	40836	40835	0	0	40834	40836	40835	0	0	40834	40836	40835	0	0	40834	40836	40835	0	0	40834	40836	40835	0	0	40834	40836	40835	0	0	0	0	0	10920	0	0	false	false	0	0	0	0	false	0	false	0	false	0	false	0
805310320	9	0	1	40831	40833	40832	0	0	40831	40833	40832	0	0	40831	40833	40832	0	0	40831	40833	40832	0	0	40831	40833	40832	0	0	40831	40833	40832	0	0	40831	40833	40832	0	0	40831	40833	40832	0	0	40831	40833	40832	0	0	40831	40833	40832	0	0	0	0	0	10920	0	0	false	false	0	0	0	0	false	0	false	0	false	0	false	0
805310334	9	0	1	35595	35591	35893	0	0	35595	35591	35893	0	0	35595	35591	35893	0	0	35595	35591	35893	0	0	35595	35591	35893	0	0	35595	35591	35893	0	0	35595	35591	35893	0	0	35595	35591	35893	0	0	35595	35591	35893	0	0	35595	35591	35893	0	0	0	0	0	10920	872415627	0	false	false	0	0	0	0	true	1000021440	false	0	false	0	false	0
805310339	9	0	1	45085	33564	45086	0	0	45085	33564	45086	0	0	45085	33564	45086	0	0	45085	33564	45086	0	0	45085	33564	45086	0	0	45085	33564	45086	0	0	45085	33564	45086	0	0	45085	33564	45086	0	0	45085	33564	45086	0	0	45085	33564	45086	0	0	0	0	0	10920	0	0	false	false	0	0	0	0	false	0	false	0	false	0	false	0
805310340	10	0	1	45083	33567	45084	0	0	45083	33567	45084	0	0	45083	33567	45084	0	0	45083	33567	45084	0	0	45083	33567	45084	0	0	45083	33567	45084	0	0	45083	33567	45084	0	0	45083	33567	45084	0	0	45083	33567	45084	0	0	45083	33567	45084	0	0	0	0	0	10920	0	0	false	false	0	0	0	0	false	0	false	0	false	0	false	0
805310341	11	0	1	0	0	0	0	45087	0	0	0	0	45087	0	0	0	0	45087	0	0	0	0	45087	0	0	0	0	45087	0	0	0	0	45087	0	0	0	0	45087	0	0	0	0	45087	0	0	0	0	45087	0	0	0	0	45087	0	0	0	10920	0	0	false	false	0	0	0	0	false	0	false	0	false	0	false	0
805310350	7	0	1	0	0	45544	0	0	0	0	45544	0	0	0	0	45544	0	0	0	0	45544	0	0	0	0	45544	0	0	0	0	45544	0	0	0	0	45544	0	0	0	0	45544	0	0	0	0	45544	0	0	0	0	45544	0	0	0	0	0	10920	872415627	0	false	false	0	0	0	0	true	1000021440	false	0	false	0	false	0
805310351	6	0	1	45543	0	0	0	0	45543	0	0	0	0	45543	0	0	0	0	45543	0	0	0	0	45543	0	0	0	0	45543	0	0	0	0	45543	0	0	0	0	45543	0	0	0	0	45543	0	0	0	0	45543	0	0	0	0	0	0	0	10920	872415627	0	false	false	0	0	0	0	true	1000021440	false	0	false	0	false	0
805310352	5	0	1	0	0	0	0	0	0	0	0	0	0	0	0	0	0	0	0	0	0	0	0	0	0	0	0	0	0	0	0	0	0	0	0	0	0	0	0	0	0	0	0	0	0	0	0	0	0	0	0	0	0	0	0	0	10920	872415627	0	false	false	0	0	0	0	true	1000021440	false	0	false	0	false	0
805310353	0	0	1	45628	45630	45629	0	0	45607	45609	45608	0	0	45625	45627	45626	0	0	45613	45615	45614	0	0	45604	45606	45605	0	0	45616	45618	45617	0	0	45610	45612	45611	0	0	45619	45621	45620	0	0	45622	45624	45623	0	0	0	0	0	0	0	0	0	2	10920	872415650	0	true	false	0	0	0	0	true	1000010032	false	0	false	0	false	0
805310442	0	0	1	18187	0	0	0	0	18189	0	0	0	0	18191	0	0	0	0	18193	0	0	0	0	18195	0	0	0	0	19347	0	0	0	0	41914	0	0	0	0	32716	0	0	0	0	41784	0	0	0	0	0	0	0	0	0	0	0	1	10920	0	0	false	true	0	0	0	0	false	0	false	0	false	0	false	0
805310443	9	0	1	27068	7505	7504	0	0	27066	7496	7495	0	0	27069	7502	7501	0	0	27070	7499	7498	0	0	27065	7493	7492	0	0	27071	18837	18836	0	0	27067	25438	25439	0	0	46826	7496	7495	0	0	46446	39110	39109	0	0	0	0	0	0	0	0	0	0	10920	0	0	false	false	0	0	0	0	false	0	false	0	false	0	false	0
805310457	7	0	1	0	0	6475	0	0	0	0	6475	0	0	0	0	6475	0	0	0	0	6475	0	0	0	0	6475	0	0	0	0	6475	0	0	0	0	6475	0	0	0	0	6475	0	0	0	0	6475	0	0	0	0	6475	0	0	0	0	0	10920	872415627	0	false	false	0	0	0	0	true	1000021440	false	0	false	0	false	0
805310458	6	0	1	6472	6418	6422	0	0	6472	6418	6422	0	0	6472	6418	6422	0	0	6472	6418	6422	0	0	6472	6418	6422	0	0	6472	6418	6422	0	0	6472	6418	6422	0	0	6472	6418	6422	0	0	6472	6418	6422	0	0	6472	6418	6422	0	0	0	0	0	10920	872415627	0	false	false	0	0	0	0	true	1000021440	false	0	false	0	false	0
805310459	5	0	1	0	0	0	0	0	0	0	0	0	0	0	0	0	0	0	0	0	0	0	0	0	0	0	0	0	0	0	0	0	0	0	0	0	0	0	0	0	0	0	0	0	0	0	0	0	0	0	0	0	0	0	0	0	10920	872415627	0	false	false	0	0	0	0	true	1000021440	false	0	false	0	false	0
805310474	0	0	1	46968	46967	46966	0	0	46947	46946	46945	0	0	46956	46955	46954	0	0	46952	46953	46951	0	0	46944	46943	46942	0	0	46952	46958	46957	0	0	46950	46949	46948	0	0	46965	46964	46963	0	0	46962	46961	46960	0	0	0	0	0	0	0	0	0	1	10920	0	0	true	false	0	0	0	0	false	0	false	0	false	0	false	0
805310479	7	0	1	0	0	6475	0	0	0	0	6475	0	0	0	0	6475	0	0	0	0	6475	0	0	0	0	6475	0	0	0	0	6475	0	0	0	0	6475	0	0	0	0	6475	0	0	0	0	6475	0	0	0	0	6475	0	0	0	0	0	10920	872415627	0	false	false	0	0	0	0	true	1000021440	false	0	false	0	false	0
805310480	6	0	1	6472	6418	6422	0	0	6472	6418	6422	0	0	6472	6418	6422	0	0	6472	6418	6422	0	0	6472	6418	6422	0	0	6472	6418	6422	0	0	6472	6418	6422	0	0	6472	6418	6422	0	0	6472	6418	6422	0	0	6472	6418	6422	0	0	0	0	0	10920	872415627	0	false	false	0	0	0	0	true	1000021440	false	0	false	0	false	0
805310481	5	0	1	0	0	0	0	0	0	0	0	0	0	0	0	0	0	0	0	0	0	0	0	0	0	0	0	0	0	0	0	0	0	0	0	0	0	0	0	0	0	0	0	0	0	0	0	0	0	0	0	0	0	0	0	0	10920	872415627	0	false	false	0	0	0	0	true	1000021440	false	0	false	0	false	0
805310486	0	0	1	47290	0	0	0	0	47291	14025	14025	0	14025	47292	0	0	0	0	47293	0	0	0	0	47294	0	0	0	0	47295	0	0	0	0	47296	0	0	0	0	47297	0	0	0	0	47298	0	0	0	0	0	0	0	0	0	0	0	1	10920	0	0	false	false	0	0	0	0	false	0	false	0	false	0	false	0
805310487	0	0	1	47281	0	0	0	0	47282	14025	14025	0	14025	47283	0	0	0	0	47284	0	0	0	0	47285	0	0	0	0	47286	0	0	0	0	47287	0	0	0	0	47288	0	0	0	0	47289	0	0	0	0	0	0	0	0	0	0	0	1	10920	0	0	false	false	0	0	0	0	false	0	false	0	false	0	false	0
805310510	12	0	1	47645	47646	47647	0	0	47645	47646	47647	0	0	47645	47646	47647	0	0	47645	47646	47647	0	0	47645	47646	47647	0	0	47645	47646	47647	0	0	47645	47646	47647	0	0	47645	47646	47647	0	0	47645	47646	47647	0	0	47645	47646	47647	0	0	0	0	0	10920	17308928	0	false	false	0	0	0	0	true	1000021440	false	0	false	0	false	0
805310512	9	0	1	47684	7505	7504	0	0	0	0	0	0	0	0	0	0	0	0	0	0	0	0	0	0	0	0	0	0	0	0	0	0	0	0	0	0	0	0	0	0	0	0	0	0	0	0	0	0	0	0	0	0	0	0	0	0	10920	0	0	false	false	0	0	0	0	false	0	false	0	false	0	false	0
805310513	9	0	1	0	0	0	0	0	47685	7505	7504	0	0	0	0	0	0	0	0	0	0	0	0	0	0	0	0	0	0	0	0	0	0	0	0	0	0	0	0	0	0	0	0	0	0	0	0	0	0	0	0	0	0	0	0	0	10920	0	0	false	false	0	0	0	0	false	0	false	0	false	0	false	0
805310514	9	0	1	0	0	0	0	0	0	0	0	0	0	47686	7505	7504	0	0	0	0	0	0	0	0	0	0	0	0	0	0	0	0	0	0	0	0	0	0	0	0	0	0	0	0	0	0	0	0	0	0	0	0	0	0	0	0	10920	0	0	false	false	0	0	0	0	false	0	false	0	false	0	false	0
805310515	9	0	1	0	0	0	0	0	0	0	0	0	0	0	0	0	0	0	47687	7505	7504	0	0	0	0	0	0	0	0	0	0	0	0	0	0	0	0	0	0	0	0	0	0	0	0	0	0	0	0	0	0	0	0	0	0	0	10920	0	0	false	false	0	0	0	0	false	0	false	0	false	0	false	0
805310516	9	0	1	0	0	0	0	0	0	0	0	0	0	0	0	0	0	0	0	0	0	0	0	47688	7505	7504	0	0	0	0	0	0	0	0	0	0	0	0	0	0	0	0	0	0	0	0	0	0	0	0	0	0	0	0	0	0	10920	0	0	false	false	0	0	0	0	false	0	false	0	false	0	false	0
805310517	9	0	1	0	0	0	0	0	0	0	0	0	0	0	0	0	0	0	0	0	0	0	0	0	0	0	0	0	47689	7505	7504	0	0	0	0	0	0	0	0	0	0	0	0	0	0	0	0	0	0	0	0	0	0	0	0	0	10920	0	0	false	false	0	0	0	0	false	0	false	0	false	0	false	0
805310518	9	0	1	0	0	0	0	0	0	0	0	0	0	0	0	0	0	0	0	0	0	0	0	0	0	0	0	0	0	0	0	0	0	47690	7505	7504	0	0	0	0	0	0	0	0	0	0	0	0	0	0	0	0	0	0	0	0	10920	0	0	false	false	0	0	0	0	false	0	false	0	false	0	false	0
805310519	9	0	1	0	0	0	0	0	0	0	0	0	0	0	0	0	0	0	0	0	0	0	0	0	0	0	0	0	0	0	0	0	0	0	0	0	0	0	47691	7505	7504	0	0	0	0	0	0	0	0	0	0	0	0	0	0	0	10920	0	0	false	false	0	0	0	0	false	0	false	0	false	0	false	0
805310520	9	0	1	0	0	0	0	0	0	0	0	0	0	0	0	0	0	0	0	0	0	0	0	0	0	0	0	0	0	0	0	0	0	0	0	0	0	0	0	0	0	0	0	47692	7505	7504	0	0	0	0	0	0	0	0	0	0	10920	0	0	false	false	0	0	0	0	false	0	false	0	false	0	false	0
805310538	12	0	1	48008	48007	48006	0	0	48008	48007	48006	0	0	48008	48007	48006	0	0	48008	48007	48006	0	0	48008	48007	48006	0	0	48008	48007	48006	0	0	48008	48007	48006	0	0	48008	48007	48006	0	0	48008	48007	48006	0	0	48008	48007	48006	0	0	0	0	0	10920	17308928	0	false	false	0	0	0	0	true	1000021440	false	0	false	0	false	0
805310601	7	0	1	0	0	48646	0	0	0	0	48646	0	0	0	0	48646	0	0	0	0	48646	0	0	0	0	48646	0	0	0	0	48646	0	0	0	0	48646	0	0	0	0	48646	0	0	0	0	48646	0	0	0	0	48646	0	0	0	0	0	10920	872415627	0	false	false	0	0	0	0	true	1000021440	false	0	false	0	false	0
805310602	6	0	1	0	0	48648	0	0	0	0	48648	0	0	0	0	48648	0	0	0	0	48648	0	0	0	0	48648	0	0	0	0	48648	0	0	0	0	48648	0	0	0	0	48648	0	0	0	0	48648	0	0	0	0	48648	0	0	0	0	0	10920	872415627	0	false	false	0	0	0	0	true	1000021440	false	0	false	0	false	0
805310603	5	0	1	0	0	0	0	0	0	0	0	0	0	0	0	0	0	0	0	0	0	0	0	0	0	0	0	0	0	0	0	0	0	0	0	0	0	0	0	0	0	0	0	0	0	0	0	0	0	0	0	0	0	0	0	0	10920	872415627	0	false	false	0	0	0	0	true	1000021440	false	0	false	0	false	0
805310604	0	0	1	48669	48668	48667	0	0	48669	48668	48667	0	0	48669	48668	48667	0	0	48669	48668	48667	0	0	48669	48668	48667	0	0	48669	48668	48667	0	0	48669	48668	48667	0	0	48669	48668	48667	0	0	48669	48668	48667	0	0	0	0	0	0	0	0	0	0	10920	0	0	true	false	0	0	0	0	false	0	false	0	false	0	false	0
805310636	0	0	1	6416	6415	6414	0	0	6407	6406	6405	0	0	6413	6412	6411	0	0	6410	6409	6408	0	0	6404	6403	6402	0	0	17560	17561	17562	0	0	26649	26650	26651	0	0	32215	33109	33110	0	0	38496	38494	38493	0	0	0	0	0	0	0	0	0	0	10920	0	0	true	false	0	0	0	0	false	0	false	0	false	0	false	0
805310637	0	0	1	6401	6398	6397	0	0	6386	6383	6382	0	0	6396	6393	6392	0	0	6391	6388	6387	0	0	6381	6378	6377	0	0	17540	17558	17559	0	0	27656	27344	27345	0	0	32181	33111	33112	0	0	38477	38474	38473	0	0	0	0	0	0	0	0	0	0	10920	0	0	true	false	0	0	0	0	false	0	false	0	false	0	false	0
805310638	0	0	1	6400	6398	6397	0	0	6385	6383	6382	0	0	6395	6393	6392	0	0	6390	6388	6387	0	0	6380	6378	6377	0	0	17541	17558	17559	0	0	27343	27344	27345	0	0	32179	33111	33112	0	0	38476	38474	38473	0	0	0	0	0	0	0	0	0	0	10920	0	0	true	false	0	0	0	0	false	0	false	0	false	0	false	0
805310639	0	0	1	6399	6398	6397	0	0	6384	6383	6382	0	0	6394	6393	6392	0	0	6389	6388	6387	0	0	6379	6378	6377	0	0	17542	17558	17559	0	0	27655	27344	27345	0	0	32180	33111	33112	0	0	38475	38474	38473	0	0	0	0	0	0	0	0	0	0	10920	0	0	true	false	0	0	0	0	false	0	false	0	false	0	false	0
805310640	0	0	1	17087	12857	12866	0	0	17088	12859	12868	0	0	17089	12860	12869	0	0	17090	12861	12870	0	0	17091	12862	12871	0	0	35309	19583	19584	0	0	35310	27347	27348	0	0	32194	33113	33114	0	0	38485	38484	38483	0	0	0	0	0	0	0	0	0	0	10920	0	0	true	false	0	0	0	0	false	0	false	0	false	0	false	0
805310641	0	0	1	12815	12857	12866	0	0	12828	12859	12868	0	0	12840	12860	12869	0	0	12852	12861	12870	0	0	12854	12862	12871	0	0	19582	19583	19584	0	0	27346	27347	27348	0	0	32195	33113	33114	0	0	38486	38484	38483	0	0	0	0	0	0	0	0	0	0	10920	0	0	true	false	0	0	0	0	false	0	false	0	false	0	false	0
805310642	0	0	1	17092	12857	12866	0	0	17093	12859	12868	0	0	17094	12860	12869	0	0	17095	12861	12870	0	0	17096	12862	12871	0	0	21494	19583	19584	0	0	35311	27347	27348	0	0	32196	33113	33114	0	0	38487	38484	38483	0	0	0	0	0	0	0	0	0	0	10920	0	0	true	false	0	0	0	0	false	0	false	0	false	0	false	0
805310643	0	0	1	12810	0	0	0	0	12826	0	0	0	0	12838	0	0	0	0	12850	0	0	0	0	17101	0	0	0	0	29301	0	0	0	0	26696	0	0	0	0	32211	0	0	0	0	38503	0	0	0	0	0	0	0	0	0	0	0	0	10920	0	0	true	false	0	0	0	0	false	0	false	0	false	0	false	0
805310644	0	0	1	12811	0	0	0	0	12827	0	0	0	0	12839	0	0	0	0	12851	0	0	0	0	17100	0	0	0	0	21495	0	0	0	0	26697	0	0	0	0	32212	0	0	0	0	38504	0	0	0	0	0	0	0	0	0	0	0	0	10920	0	0	true	false	0	0	0	0	false	0	false	0	false	0	false	0
805310645	0	0	1	12809	0	0	0	0	12825	0	0	0	0	12837	0	0	0	0	12849	0	0	0	0	12853	0	0	0	0	19581	0	0	0	0	26695	0	0	0	0	32210	0	0	0	0	38502	0	0	0	0	0	0	0	0	0	0	0	0	10920	0	0	true	false	0	0	0	0	false	0	false	0	false	0	false	0
805310646	0	0	1	16787	16789	16790	0	0	16792	16794	16795	0	0	16797	16799	16800	0	0	16802	16804	16805	0	0	16807	16809	16810	0	0	35312	19554	19555	0	0	32174	26259	26260	0	0	32192	33093	33094	0	0	38462	38460	38459	0	0	0	0	0	0	0	0	0	0	10920	0	0	true	false	0	0	0	0	false	0	false	0	false	0	false	0
805310647	0	0	1	16788	16789	16790	0	0	16793	16794	16795	0	0	16798	16799	16800	0	0	16803	16804	16805	0	0	16808	16809	16810	0	0	21496	19554	19555	0	0	26258	26259	26260	0	0	32193	33093	33094	0	0	38463	38460	38459	0	0	0	0	0	0	0	0	0	0	10920	0	0	true	false	0	0	0	0	false	0	false	0	false	0	false	0
805310648	0	0	1	16786	16789	16790	0	0	16791	16794	16795	0	0	16796	16799	16800	0	0	16801	16804	16805	0	0	16806	16809	16810	0	0	19553	19554	19555	0	0	32168	26259	26260	0	0	32191	33093	33094	0	0	38461	38460	38459	0	0	0	0	0	0	0	0	0	0	10920	0	0	true	false	0	0	0	0	false	0	false	0	false	0	false	0
805310649	0	0	1	20266	20302	20303	0	0	20304	20274	20306	0	0	20307	20279	20308	0	0	20309	20311	20312	0	0	20313	20314	20315	0	0	20291	20294	20317	0	0	27626	27628	27629	0	0	32184	33115	33116	0	0	38499	38498	38497	0	0	0	0	0	0	0	0	0	0	10920	0	0	true	false	0	0	0	0	false	0	false	0	false	0	false	0
805310650	0	0	1	20301	20302	20303	0	0	20273	20274	20306	0	0	20277	20279	20308	0	0	20310	20311	20312	0	0	20287	20314	20315	0	0	20316	20294	20317	0	0	27625	27628	27629	0	0	32185	33115	33116	0	0	38500	38498	38497	0	0	0	0	0	0	0	0	0	0	10920	0	0	true	false	0	0	0	0	false	0	false	0	false	0	false	0
805310651	0	0	1	20268	20302	20303	0	0	20305	20274	20306	0	0	20278	20279	20308	0	0	20283	20311	20312	0	0	20288	20314	20315	0	0	20293	20294	20317	0	0	27627	27628	27629	0	0	32186	33115	33116	0	0	38501	38498	38497	0	0	0	0	0	0	0	0	0	0	10920	0	0	true	false	0	0	0	0	false	0	false	0	false	0	false	0
805310652	0	0	1	22058	22074	22050	0	0	22061	22075	22051	0	0	22064	22076	22052	0	0	22067	22077	22053	0	0	22070	22078	22054	0	0	22073	22079	22055	0	0	35313	35314	35315	0	0	35316	35317	35318	0	0	38480	38479	38478	0	0	0	0	0	0	0	0	0	0	10920	0	0	true	false	0	0	0	0	false	0	false	0	false	0	false	0
805310653	0	0	1	22057	22074	22050	0	0	22060	22075	22051	0	0	22063	22076	22052	0	0	22066	22077	22053	0	0	22069	22078	22054	0	0	22072	22079	22055	0	0	35319	35314	35315	0	0	35320	35317	35318	0	0	38481	38479	38478	0	0	0	0	0	0	0	0	0	0	10920	0	0	true	false	0	0	0	0	false	0	false	0	false	0	false	0
805310654	0	0	1	22056	22074	22050	0	0	22059	22075	22051	0	0	22062	22076	22052	0	0	22065	22077	22053	0	0	22068	22078	22054	0	0	22071	22079	22055	0	0	35321	35314	35315	0	0	35322	35317	35318	0	0	38482	38479	38478	0	0	0	0	0	0	0	0	0	0	10920	0	0	true	false	0	0	0	0	false	0	false	0	false	0	false	0
805310655	0	0	1	22088	22104	22080	0	0	22091	22105	22081	0	0	22094	22106	22082	0	0	22097	22107	22083	0	0	22100	22108	22084	0	0	22103	22109	22085	0	0	27630	27631	27632	0	0	32182	33095	33096	0	0	38466	38465	38464	0	0	65237	65236	65235	0	0	0	0	0	10920	0	0	true	false	0	0	0	0	false	0	false	0	false	0	false	0
805310656	0	0	1	22087	22104	22080	0	0	22090	22105	22081	0	0	22093	22106	22082	0	0	22096	22107	22083	0	0	22099	22108	22084	0	0	22102	22109	22085	0	0	27634	27631	27632	0	0	35323	33095	33096	0	0	38467	38465	38464	0	0	0	0	0	0	0	0	0	0	10920	0	0	true	false	0	0	0	0	false	0	false	0	false	0	false	0
805310657	0	0	1	22086	22104	22080	0	0	22089	22105	22081	0	0	22092	22106	22082	0	0	22095	22107	22083	0	0	22098	22108	22084	0	0	22101	22109	22085	0	0	27633	27631	27632	0	0	32183	33095	33096	0	0	38468	38465	38464	0	0	0	0	0	0	0	0	0	0	10920	0	0	true	false	0	0	0	0	false	0	false	0	false	0	false	0
805310658	0	0	1	25086	24676	24683	0	0	25087	24677	24684	0	0	25088	24678	24685	0	0	25089	24679	24686	0	0	25090	24680	24687	0	0	25091	24681	24688	0	0	25092	24682	24689	0	0	32197	35324	35325	0	0	38490	38489	38488	0	0	0	0	0	0	0	0	0	0	10920	0	0	true	false	0	0	0	0	false	0	false	0	false	0	false	0
805310659	0	0	1	25093	24676	24683	0	0	25094	24677	24684	0	0	25095	24678	24685	0	0	25096	24679	24686	0	0	25097	24680	24687	0	0	25098	24681	24688	0	0	25099	24682	24689	0	0	32198	35324	35325	0	0	38491	38489	38488	0	0	0	0	0	0	0	0	0	0	10920	0	0	true	false	0	0	0	0	false	0	false	0	false	0	false	0
805310660	0	0	1	25100	24676	24683	0	0	25101	24677	24684	0	0	25102	24678	24685	0	0	25103	24679	24686	0	0	25104	24680	24687	0	0	25105	24681	24688	0	0	25106	24682	24689	0	0	32199	35324	35325	0	0	38492	38489	38488	0	0	0	0	0	0	0	0	0	0	10920	0	0	true	false	0	0	0	0	false	0	false	0	false	0	false	0
805310661	0	0	1	35336	22532	22527	0	0	35337	22533	22528	0	0	35338	22534	22529	0	0	35339	22535	22530	0	0	35340	22536	22531	0	0	35341	23076	23075	0	0	35326	35327	35328	0	0	35329	35330	35331	0	0	38472	38469	38530	0	0	0	0	0	0	0	0	0	0	10920	0	0	true	false	0	0	0	0	false	0	false	0	false	0	false	0
805310662	0	0	1	22522	22532	22527	0	0	22523	22533	22528	0	0	22524	22534	22529	0	0	22525	22535	22530	0	0	22526	22536	22531	0	0	23074	23076	23075	0	0	35332	35327	35328	0	0	35333	35330	35331	0	0	38471	38469	38530	0	0	0	0	0	0	0	0	0	0	10920	0	0	true	false	0	0	0	0	false	0	false	0	false	0	false	0
805310663	0	0	1	35342	22532	22527	0	0	35343	22533	22528	0	0	35344	22534	22529	0	0	35345	22535	22530	0	0	35346	22536	22531	0	0	35347	23076	23075	0	0	35334	35327	35328	0	0	35335	35330	35331	0	0	38470	38469	38530	0	0	0	0	0	0	0	0	0	0	10920	0	0	true	false	0	0	0	0	false	0	false	0	false	0	false	0
805310759	0	0	1	49272	49273	49274	0	0	49275	49276	49277	0	0	49278	49279	49280	0	0	49281	49282	49283	0	0	49284	49285	49286	0	0	49287	49288	49289	0	0	49290	49291	49292	0	0	49293	49294	49295	0	0	49296	49297	49298	0	0	0	0	0	0	0	0	0	1	10920	0	0	true	false	0	0	0	0	false	0	false	0	false	0	false	0
805310760	9	0	1	49299	49300	49301	0	0	49299	49300	49301	0	0	49299	49300	49301	0	0	49299	49300	49301	0	0	49299	49300	49301	0	0	49299	49300	49301	0	0	49299	49300	49301	0	0	49299	49300	49301	0	0	49299	49300	49301	0	0	49299	49300	49301	0	0	0	0	0	10920	0	0	false	false	0	0	0	0	false	0	false	0	false	0	false	0
805310839	0	0	1	36557	0	0	0	0	0	0	0	0	0	0	0	0	0	0	0	0	0	0	0	0	0	0	0	0	0	0	0	0	0	0	0	0	0	0	0	0	0	0	0	0	0	0	0	0	0	0	0	0	0	0	0	0	10920	872416352	0	false	false	0	0	0	0	false	0	false	0	false	0	false	0
805310840	1	0	1	36554	0	0	0	0	0	0	0	0	0	0	0	0	0	0	0	0	0	0	0	0	0	0	0	0	0	0	0	0	0	0	0	0	0	0	0	0	0	0	0	0	0	0	0	0	0	0	0	0	0	0	0	0	10920	872416352	0	false	false	0	0	0	0	false	0	false	0	false	0	false	0
805310841	2	0	1	36558	0	0	0	0	0	0	0	0	0	0	0	0	0	0	0	0	0	0	0	0	0	0	0	0	0	0	0	0	0	0	0	0	0	0	0	0	0	0	0	0	0	0	0	0	0	0	0	0	0	0	0	0	10920	872416352	0	false	false	0	0	0	0	false	0	false	0	false	0	false	0
805310842	3	0	1	36556	0	0	0	0	0	0	0	0	0	0	0	0	0	0	0	0	0	0	0	0	0	0	0	0	0	0	0	0	0	0	0	0	0	0	0	0	0	0	0	0	0	0	0	0	0	0	0	0	0	0	0	0	10920	872416352	0	false	false	0	0	0	0	false	0	false	0	false	0	false	0
805310843	4	0	1	36555	0	0	0	0	0	0	0	0	0	0	0	0	0	0	0	0	0	0	0	0	0	0	0	0	0	0	0	0	0	0	0	0	0	0	0	0	0	0	0	0	0	0	0	0	0	0	0	0	0	0	0	0	10920	872416352	0	false	false	0	0	0	0	false	0	false	0	false	0	false	0
805310844	0	0	1	0	0	0	0	0	36542	0	0	0	0	0	0	0	0	0	0	0	0	0	0	0	0	0	0	0	0	0	0	0	0	0	0	0	0	0	0	0	0	0	0	0	0	0	0	0	0	0	0	0	0	0	0	0	10920	872416355	0	false	false	0	0	0	0	false	0	false	0	false	0	false	0
805310845	1	0	1	0	0	0	0	0	36539	0	0	0	0	0	0	0	0	0	0	0	0	0	0	0	0	0	0	0	0	0	0	0	0	0	0	0	0	0	0	0	0	0	0	0	0	0	0	0	0	0	0	0	0	0	0	0	10920	872416355	0	false	false	0	0	0	0	false	0	false	0	false	0	false	0
805310846	2	0	1	0	0	0	0	0	36543	0	0	0	0	0	0	0	0	0	0	0	0	0	0	0	0	0	0	0	0	0	0	0	0	0	0	0	0	0	0	0	0	0	0	0	0	0	0	0	0	0	0	0	0	0	0	0	10920	872416355	0	false	false	0	0	0	0	false	0	false	0	false	0	false	0
805310847	3	0	1	0	0	0	0	0	36541	0	0	0	0	0	0	0	0	0	0	0	0	0	0	0	0	0	0	0	0	0	0	0	0	0	0	0	0	0	0	0	0	0	0	0	0	0	0	0	0	0	0	0	0	0	0	0	10920	872416355	0	false	false	0	0	0	0	false	0	false	0	false	0	false	0
805310848	4	0	1	0	0	0	0	0	36540	0	0	0	0	0	0	0	0	0	0	0	0	0	0	0	0	0	0	0	0	0	0	0	0	0	0	0	0	0	0	0	0	0	0	0	0	0	0	0	0	0	0	0	0	0	0	0	10920	872416355	0	false	false	0	0	0	0	false	0	false	0	false	0	false	0
805310849	0	0	1	0	0	0	0	0	0	0	0	0	0	36572	0	0	0	0	0	0	0	0	0	0	0	0	0	0	0	0	0	0	0	0	0	0	0	0	0	0	0	0	0	0	0	0	0	0	0	0	0	0	0	0	0	0	10920	872416358	0	false	false	0	0	0	0	false	0	false	0	false	0	false	0
805310850	1	0	1	0	0	0	0	0	0	0	0	0	0	36569	0	0	0	0	0	0	0	0	0	0	0	0	0	0	0	0	0	0	0	0	0	0	0	0	0	0	0	0	0	0	0	0	0	0	0	0	0	0	0	0	0	0	10920	872416358	0	false	false	0	0	0	0	false	0	false	0	false	0	false	0
805310851	2	0	1	0	0	0	0	0	0	0	0	0	0	36573	0	0	0	0	0	0	0	0	0	0	0	0	0	0	0	0	0	0	0	0	0	0	0	0	0	0	0	0	0	0	0	0	0	0	0	0	0	0	0	0	0	0	10920	872416358	0	false	false	0	0	0	0	false	0	false	0	false	0	false	0
805310852	3	0	1	0	0	0	0	0	0	0	0	0	0	36571	0	0	0	0	0	0	0	0	0	0	0	0	0	0	0	0	0	0	0	0	0	0	0	0	0	0	0	0	0	0	0	0	0	0	0	0	0	0	0	0	0	0	10920	872416358	0	false	false	0	0	0	0	false	0	false	0	false	0	false	0
805310853	4	0	1	0	0	0	0	0	0	0	0	0	0	36570	0	0	0	0	0	0	0	0	0	0	0	0	0	0	0	0	0	0	0	0	0	0	0	0	0	0	0	0	0	0	0	0	0	0	0	0	0	0	0	0	0	0	10920	872416358	0	false	false	0	0	0	0	false	0	false	0	false	0	false	0
805310854	0	0	1	0	0	0	0	0	0	0	0	0	0	0	0	0	0	0	36587	0	0	0	0	0	0	0	0	0	0	0	0	0	0	0	0	0	0	0	0	0	0	0	0	0	0	0	0	0	0	0	0	0	0	0	0	0	10920	872416361	0	false	false	0	0	0	0	false	0	false	0	false	0	false	0
805310855	1	0	1	0	0	0	0	0	0	0	0	0	0	0	0	0	0	0	36584	0	0	0	0	0	0	0	0	0	0	0	0	0	0	0	0	0	0	0	0	0	0	0	0	0	0	0	0	0	0	0	0	0	0	0	0	0	10920	872416361	0	false	false	0	0	0	0	false	0	false	0	false	0	false	0
805310856	2	0	1	0	0	0	0	0	0	0	0	0	0	0	0	0	0	0	36588	0	0	0	0	0	0	0	0	0	0	0	0	0	0	0	0	0	0	0	0	0	0	0	0	0	0	0	0	0	0	0	0	0	0	0	0	0	10920	872416361	0	false	false	0	0	0	0	false	0	false	0	false	0	false	0
805310857	3	0	1	0	0	0	0	0	0	0	0	0	0	0	0	0	0	0	36586	0	0	0	0	0	0	0	0	0	0	0	0	0	0	0	0	0	0	0	0	0	0	0	0	0	0	0	0	0	0	0	0	0	0	0	0	0	10920	872416361	0	false	false	0	0	0	0	false	0	false	0	false	0	false	0
805310858	4	0	1	0	0	0	0	0	0	0	0	0	0	0	0	0	0	0	36585	0	0	0	0	0	0	0	0	0	0	0	0	0	0	0	0	0	0	0	0	0	0	0	0	0	0	0	0	0	0	0	0	0	0	0	0	0	10920	872416361	0	false	false	0	0	0	0	false	0	false	0	false	0	false	0
805310859	0	0	1	0	0	0	0	0	0	0	0	0	0	0	0	0	0	0	0	0	0	0	0	36860	0	0	0	0	0	0	0	0	0	0	0	0	0	0	0	0	0	0	0	0	0	0	0	0	0	0	0	0	0	0	0	1	10920	872416364	0	false	false	0	0	0	0	false	0	false	0	false	0	false	0
805310860	1	0	1	0	0	0	0	0	0	0	0	0	0	0	0	0	0	0	0	0	0	0	0	36599	0	0	0	0	0	0	0	0	0	0	0	0	0	0	0	0	0	0	0	0	0	0	0	0	0	0	0	0	0	0	0	0	10920	872416364	0	false	false	0	0	0	0	false	0	false	0	false	0	false	0
805310861	2	0	1	0	0	0	0	0	0	0	0	0	0	0	0	0	0	0	0	0	0	0	0	36603	0	0	0	0	0	0	0	0	0	0	0	0	0	0	0	0	0	0	0	0	0	0	0	0	0	0	0	0	0	0	0	0	10920	872416364	0	false	false	0	0	0	0	false	0	false	0	false	0	false	0
805310862	3	0	1	0	0	0	0	0	0	0	0	0	0	0	0	0	0	0	0	0	0	0	0	36601	0	0	0	0	0	0	0	0	0	0	0	0	0	0	0	0	0	0	0	0	0	0	0	0	0	0	0	0	0	0	0	0	10920	872416364	0	false	false	0	0	0	0	false	0	false	0	false	0	false	0
805310863	4	0	1	0	0	0	0	0	0	0	0	0	0	0	0	0	0	0	0	0	0	0	0	36600	0	0	0	0	0	0	0	0	0	0	0	0	0	0	0	0	0	0	0	0	0	0	0	0	0	0	0	0	0	0	0	0	10920	872416364	0	false	false	0	0	0	0	false	0	false	0	false	0	false	0
805310864	0	0	1	0	0	0	0	0	0	0	0	0	0	0	0	0	0	0	0	0	0	0	0	0	0	0	0	0	36647	0	0	0	0	0	0	0	0	0	0	0	0	0	0	0	0	0	0	0	0	0	0	0	0	0	0	0	10920	872416370	0	false	false	0	0	0	0	false	0	false	0	false	0	false	0
805310865	1	0	1	0	0	0	0	0	0	0	0	0	0	0	0	0	0	0	0	0	0	0	0	0	0	0	0	0	36644	0	0	0	0	0	0	0	0	0	0	0	0	0	0	0	0	0	0	0	0	0	0	0	0	0	0	0	10920	872416370	0	false	false	0	0	0	0	false	0	false	0	false	0	false	0
805310866	2	0	1	0	0	0	0	0	0	0	0	0	0	0	0	0	0	0	0	0	0	0	0	0	0	0	0	0	36648	0	0	0	0	0	0	0	0	0	0	0	0	0	0	0	0	0	0	0	0	0	0	0	0	0	0	0	10920	872416370	0	false	false	0	0	0	0	false	0	false	0	false	0	false	0
805310867	3	0	1	0	0	0	0	0	0	0	0	0	0	0	0	0	0	0	0	0	0	0	0	0	0	0	0	0	36646	0	0	0	0	0	0	0	0	0	0	0	0	0	0	0	0	0	0	0	0	0	0	0	0	0	0	0	10920	872416370	0	false	false	0	0	0	0	false	0	false	0	false	0	false	0
805310868	4	0	1	0	0	0	0	0	0	0	0	0	0	0	0	0	0	0	0	0	0	0	0	0	0	0	0	0	36645	0	0	0	0	0	0	0	0	0	0	0	0	0	0	0	0	0	0	0	0	0	0	0	0	0	0	0	10920	872416370	0	false	false	0	0	0	0	false	0	false	0	false	0	false	0
805310869	0	0	1	0	0	0	0	0	0	0	0	0	0	0	0	0	0	0	0	0	0	0	0	0	0	0	0	0	0	0	0	0	0	36617	0	0	0	0	0	0	0	0	0	0	0	0	0	0	0	0	0	0	0	0	0	0	10920	872416367	0	false	false	0	0	0	0	false	0	false	0	false	0	false	0
805310870	1	0	1	0	0	0	0	0	0	0	0	0	0	0	0	0	0	0	0	0	0	0	0	0	0	0	0	0	0	0	0	0	0	36614	0	0	0	0	0	0	0	0	0	0	0	0	0	0	0	0	0	0	0	0	0	0	10920	872416367	0	false	false	0	0	0	0	false	0	false	0	false	0	false	0
805310871	2	0	1	0	0	0	0	0	0	0	0	0	0	0	0	0	0	0	0	0	0	0	0	0	0	0	0	0	0	0	0	0	0	36618	0	0	0	0	0	0	0	0	0	0	0	0	0	0	0	0	0	0	0	0	0	0	10920	872416367	0	false	false	0	0	0	0	false	0	false	0	false	0	false	0
805310872	3	0	1	0	0	0	0	0	0	0	0	0	0	0	0	0	0	0	0	0	0	0	0	0	0	0	0	0	0	0	0	0	0	36616	0	0	0	0	0	0	0	0	0	0	0	0	0	0	0	0	0	0	0	0	0	0	10920	872416367	0	false	false	0	0	0	0	false	0	false	0	false	0	false	0
805310873	4	0	1	0	0	0	0	0	0	0	0	0	0	0	0	0	0	0	0	0	0	0	0	0	0	0	0	0	0	0	0	0	0	36615	0	0	0	0	0	0	0	0	0	0	0	0	0	0	0	0	0	0	0	0	0	0	10920	872416367	0	false	false	0	0	0	0	false	0	false	0	false	0	false	0
805310874	0	0	1	0	0	0	0	0	0	0	0	0	0	0	0	0	0	0	0	0	0	0	0	0	0	0	0	0	0	0	0	0	0	0	0	0	0	0	36632	0	0	0	0	0	0	0	0	0	0	0	0	0	0	0	0	0	10920	872416373	0	false	false	0	0	0	0	false	0	false	0	false	0	false	0
805310875	1	0	1	0	0	0	0	0	0	0	0	0	0	0	0	0	0	0	0	0	0	0	0	0	0	0	0	0	0	0	0	0	0	0	0	0	0	0	36629	0	0	0	0	0	0	0	0	0	0	0	0	0	0	0	0	0	10920	872416373	0	false	false	0	0	0	0	false	0	false	0	false	0	false	0
805310876	2	0	1	0	0	0	0	0	0	0	0	0	0	0	0	0	0	0	0	0	0	0	0	0	0	0	0	0	0	0	0	0	0	0	0	0	0	0	36633	0	0	0	0	0	0	0	0	0	0	0	0	0	0	0	0	0	10920	872416373	0	false	false	0	0	0	0	false	0	false	0	false	0	false	0
805310877	3	0	1	0	0	0	0	0	0	0	0	0	0	0	0	0	0	0	0	0	0	0	0	0	0	0	0	0	0	0	0	0	0	0	0	0	0	0	36631	0	0	0	0	0	0	0	0	0	0	0	0	0	0	0	0	0	10920	872416373	0	false	false	0	0	0	0	false	0	false	0	false	0	false	0
805310878	4	0	1	0	0	0	0	0	0	0	0	0	0	0	0	0	0	0	0	0	0	0	0	0	0	0	0	0	0	0	0	0	0	0	0	0	0	0	36630	0	0	0	0	0	0	0	0	0	0	0	0	0	0	0	0	0	10920	872416373	0	false	false	0	0	0	0	false	0	false	0	false	0	false	0
805310879	0	0	1	0	0	0	0	0	0	0	0	0	0	0	0	0	0	0	0	0	0	0	0	0	0	0	0	0	0	0	0	0	0	0	0	0	0	0	0	0	0	0	0	38956	0	0	0	0	0	0	0	0	0	0	0	0	10920	872416376	0	false	false	0	0	0	0	false	0	false	0	false	0	false	0
805310880	1	0	1	0	0	0	0	0	0	0	0	0	0	0	0	0	0	0	0	0	0	0	0	0	0	0	0	0	0	0	0	0	0	0	0	0	0	0	0	0	0	0	0	38661	0	0	0	0	0	0	0	0	0	0	0	0	10920	872416376	0	false	false	0	0	0	0	false	0	false	0	false	0	false	0
805310881	2	0	1	0	0	0	0	0	0	0	0	0	0	0	0	0	0	0	0	0	0	0	0	0	0	0	0	0	0	0	0	0	0	0	0	0	0	0	0	0	0	0	0	38665	0	0	0	0	0	0	0	0	0	0	0	0	10920	872416376	0	false	false	0	0	0	0	false	0	false	0	false	0	false	0
805310882	3	0	1	0	0	0	0	0	0	0	0	0	0	0	0	0	0	0	0	0	0	0	0	0	0	0	0	0	0	0	0	0	0	0	0	0	0	0	0	0	0	0	0	38663	0	0	0	0	0	0	0	0	0	0	0	0	10920	872416376	0	false	false	0	0	0	0	false	0	false	0	false	0	false	0
805310883	4	0	1	0	0	0	0	0	0	0	0	0	0	0	0	0	0	0	0	0	0	0	0	0	0	0	0	0	0	0	0	0	0	0	0	0	0	0	0	0	0	0	0	38662	0	0	0	0	0	0	0	0	0	0	0	0	10920	872416376	0	false	false	0	0	0	0	false	0	false	0	false	0	false	0
805310884	0	0	1	22220	0	0	0	0	0	0	0	0	0	0	0	0	0	0	0	0	0	0	0	0	0	0	0	0	0	0	0	0	0	0	0	0	0	0	0	0	0	0	0	0	0	0	0	0	0	0	0	0	0	0	0	1	10920	872416353	0	false	false	0	0	0	0	false	0	false	0	false	0	false	0
805310885	1	0	1	22221	0	0	0	0	0	0	0	0	0	0	0	0	0	0	0	0	0	0	0	0	0	0	0	0	0	0	0	0	0	0	0	0	0	0	0	0	0	0	0	0	0	0	0	0	0	0	0	0	0	0	0	0	10920	872416353	0	false	false	0	0	0	0	false	0	false	0	false	0	false	0
805310886	2	0	1	22222	0	0	0	0	0	0	0	0	0	0	0	0	0	0	0	0	0	0	0	0	0	0	0	0	0	0	0	0	0	0	0	0	0	0	0	0	0	0	0	0	0	0	0	0	0	0	0	0	0	0	0	0	10920	872416353	0	false	false	0	0	0	0	false	0	false	0	false	0	false	0
805310887	3	0	1	22223	0	0	0	0	0	0	0	0	0	0	0	0	0	0	0	0	0	0	0	0	0	0	0	0	0	0	0	0	0	0	0	0	0	0	0	0	0	0	0	0	0	0	0	0	0	0	0	0	0	0	0	0	10920	872416353	0	false	false	0	0	0	0	false	0	false	0	false	0	false	0
805310888	4	0	1	22224	0	0	0	0	0	0	0	0	0	0	0	0	0	0	0	0	0	0	0	0	0	0	0	0	0	0	0	0	0	0	0	0	0	0	0	0	0	0	0	0	0	0	0	0	0	0	0	0	0	0	0	0	10920	872416353	0	false	false	0	0	0	0	false	0	false	0	false	0	false	0
805310889	0	0	1	0	0	0	0	0	22225	0	0	0	0	0	0	0	0	0	0	0	0	0	0	0	0	0	0	0	0	0	0	0	0	0	0	0	0	0	0	0	0	0	0	0	0	0	0	0	0	0	0	0	0	0	0	1	10920	872416356	0	false	false	0	0	0	0	false	0	false	0	false	0	false	0
805310890	1	0	1	0	0	0	0	0	22226	0	0	0	0	0	0	0	0	0	0	0	0	0	0	0	0	0	0	0	0	0	0	0	0	0	0	0	0	0	0	0	0	0	0	0	0	0	0	0	0	0	0	0	0	0	0	0	10920	872416356	0	false	false	0	0	0	0	false	0	false	0	false	0	false	0
805310891	2	0	1	0	0	0	0	0	22227	0	0	0	0	0	0	0	0	0	0	0	0	0	0	0	0	0	0	0	0	0	0	0	0	0	0	0	0	0	0	0	0	0	0	0	0	0	0	0	0	0	0	0	0	0	0	0	10920	872416356	0	false	false	0	0	0	0	false	0	false	0	false	0	false	0
805310892	3	0	1	0	0	0	0	0	22228	0	0	0	0	0	0	0	0	0	0	0	0	0	0	0	0	0	0	0	0	0	0	0	0	0	0	0	0	0	0	0	0	0	0	0	0	0	0	0	0	0	0	0	0	0	0	0	10920	872416356	0	false	false	0	0	0	0	false	0	false	0	false	0	false	0
805310893	4	0	1	0	0	0	0	0	22229	0	0	0	0	0	0	0	0	0	0	0	0	0	0	0	0	0	0	0	0	0	0	0	0	0	0	0	0	0	0	0	0	0	0	0	0	0	0	0	0	0	0	0	0	0	0	0	10920	872416356	0	false	false	0	0	0	0	false	0	false	0	false	0	false	0
805310894	0	0	1	0	0	0	0	0	0	0	0	0	0	22230	0	0	0	0	0	0	0	0	0	0	0	0	0	0	0	0	0	0	0	0	0	0	0	0	0	0	0	0	0	0	0	0	0	0	0	0	0	0	0	0	0	1	10920	872416359	0	false	false	0	0	0	0	false	0	false	0	false	0	false	0
805310895	1	0	1	0	0	0	0	0	0	0	0	0	0	22231	0	0	0	0	0	0	0	0	0	0	0	0	0	0	0	0	0	0	0	0	0	0	0	0	0	0	0	0	0	0	0	0	0	0	0	0	0	0	0	0	0	0	10920	872416359	0	false	false	0	0	0	0	false	0	false	0	false	0	false	0
805310896	2	0	1	0	0	0	0	0	0	0	0	0	0	22232	0	0	0	0	0	0	0	0	0	0	0	0	0	0	0	0	0	0	0	0	0	0	0	0	0	0	0	0	0	0	0	0	0	0	0	0	0	0	0	0	0	0	10920	872416359	0	false	false	0	0	0	0	false	0	false	0	false	0	false	0
805310897	3	0	1	0	0	0	0	0	0	0	0	0	0	22233	0	0	0	0	0	0	0	0	0	0	0	0	0	0	0	0	0	0	0	0	0	0	0	0	0	0	0	0	0	0	0	0	0	0	0	0	0	0	0	0	0	0	10920	872416359	0	false	false	0	0	0	0	false	0	false	0	false	0	false	0
805310898	4	0	1	0	0	0	0	0	0	0	0	0	0	22234	0	0	0	0	0	0	0	0	0	0	0	0	0	0	0	0	0	0	0	0	0	0	0	0	0	0	0	0	0	0	0	0	0	0	0	0	0	0	0	0	0	0	10920	872416359	0	false	false	0	0	0	0	false	0	false	0	false	0	false	0
805310899	0	0	1	0	0	0	0	0	0	0	0	0	0	0	0	0	0	0	22235	0	0	0	0	0	0	0	0	0	0	0	0	0	0	0	0	0	0	0	0	0	0	0	0	0	0	0	0	0	0	0	0	0	0	0	0	1	10920	872416362	0	false	false	0	0	0	0	false	0	false	0	false	0	false	0
805310900	1	0	1	0	0	0	0	0	0	0	0	0	0	0	0	0	0	0	22236	0	0	0	0	0	0	0	0	0	0	0	0	0	0	0	0	0	0	0	0	0	0	0	0	0	0	0	0	0	0	0	0	0	0	0	0	0	10920	872416362	0	false	false	0	0	0	0	false	0	false	0	false	0	false	0
805310901	2	0	1	0	0	0	0	0	0	0	0	0	0	0	0	0	0	0	22237	0	0	0	0	0	0	0	0	0	0	0	0	0	0	0	0	0	0	0	0	0	0	0	0	0	0	0	0	0	0	0	0	0	0	0	0	0	10920	872416362	0	false	false	0	0	0	0	false	0	false	0	false	0	false	0
805310902	3	0	1	0	0	0	0	0	0	0	0	0	0	0	0	0	0	0	22238	0	0	0	0	0	0	0	0	0	0	0	0	0	0	0	0	0	0	0	0	0	0	0	0	0	0	0	0	0	0	0	0	0	0	0	0	0	10920	872416362	0	false	false	0	0	0	0	false	0	false	0	false	0	false	0
805310903	4	0	1	0	0	0	0	0	0	0	0	0	0	0	0	0	0	0	22239	0	0	0	0	0	0	0	0	0	0	0	0	0	0	0	0	0	0	0	0	0	0	0	0	0	0	0	0	0	0	0	0	0	0	0	0	0	10920	872416362	0	false	false	0	0	0	0	false	0	false	0	false	0	false	0
805310904	0	0	1	0	0	0	0	0	0	0	0	0	0	0	0	0	0	0	0	0	0	0	0	22240	0	0	0	0	0	0	0	0	0	0	0	0	0	0	0	0	0	0	0	0	0	0	0	0	0	0	0	0	0	0	0	1	10920	872416365	0	false	true	0	0	0	0	false	0	false	0	false	0	false	0
805310905	1	0	1	0	0	0	0	0	0	0	0	0	0	0	0	0	0	0	0	0	0	0	0	22241	0	0	0	0	0	0	0	0	0	0	0	0	0	0	0	0	0	0	0	0	0	0	0	0	0	0	0	0	0	0	0	0	10920	872416365	0	false	false	0	0	0	0	false	0	false	0	false	0	false	0
805310906	2	0	1	0	0	0	0	0	0	0	0	0	0	0	0	0	0	0	0	0	0	0	0	22242	0	0	0	0	0	0	0	0	0	0	0	0	0	0	0	0	0	0	0	0	0	0	0	0	0	0	0	0	0	0	0	0	10920	872416365	0	false	false	0	0	0	0	false	0	false	0	false	0	false	0
805310907	3	0	1	0	0	0	0	0	0	0	0	0	0	0	0	0	0	0	0	0	0	0	0	22243	0	0	0	0	0	0	0	0	0	0	0	0	0	0	0	0	0	0	0	0	0	0	0	0	0	0	0	0	0	0	0	0	10920	872416365	0	false	false	0	0	0	0	false	0	false	0	false	0	false	0
805310908	4	0	1	0	0	0	0	0	0	0	0	0	0	0	0	0	0	0	0	0	0	0	0	22244	0	0	0	0	0	0	0	0	0	0	0	0	0	0	0	0	0	0	0	0	0	0	0	0	0	0	0	0	0	0	0	0	10920	872416365	0	false	false	0	0	0	0	false	0	false	0	false	0	false	0
805310909	0	0	1	0	0	0	0	0	0	0	0	0	0	0	0	0	0	0	0	0	0	0	0	0	0	0	0	0	22245	0	0	0	0	0	0	0	0	0	0	0	0	0	0	0	0	0	0	0	0	0	0	0	0	0	0	1	10920	872416371	0	false	false	0	0	0	0	false	0	false	0	false	0	false	0
805310910	1	0	1	0	0	0	0	0	0	0	0	0	0	0	0	0	0	0	0	0	0	0	0	0	0	0	0	0	22246	0	0	0	0	0	0	0	0	0	0	0	0	0	0	0	0	0	0	0	0	0	0	0	0	0	0	0	10920	872416371	0	false	false	0	0	0	0	false	0	false	0	false	0	false	0
805310911	2	0	1	0	0	0	0	0	0	0	0	0	0	0	0	0	0	0	0	0	0	0	0	0	0	0	0	0	22247	0	0	0	0	0	0	0	0	0	0	0	0	0	0	0	0	0	0	0	0	0	0	0	0	0	0	0	10920	872416371	0	false	false	0	0	0	0	false	0	false	0	false	0	false	0
805310912	3	0	1	0	0	0	0	0	0	0	0	0	0	0	0	0	0	0	0	0	0	0	0	0	0	0	0	0	22248	0	0	0	0	0	0	0	0	0	0	0	0	0	0	0	0	0	0	0	0	0	0	0	0	0	0	0	10920	872416371	0	false	false	0	0	0	0	false	0	false	0	false	0	false	0
805310913	4	0	1	0	0	0	0	0	0	0	0	0	0	0	0	0	0	0	0	0	0	0	0	0	0	0	0	0	22249	0	0	0	0	0	0	0	0	0	0	0	0	0	0	0	0	0	0	0	0	0	0	0	0	0	0	0	10920	872416371	0	false	false	0	0	0	0	false	0	false	0	false	0	false	0
805310914	0	0	1	0	0	0	0	0	0	0	0	0	0	0	0	0	0	0	0	0	0	0	0	0	0	0	0	0	0	0	0	0	0	25967	0	0	0	0	0	0	0	0	0	0	0	0	0	0	0	0	0	0	0	0	0	1	10920	872416368	0	false	false	0	0	0	0	false	0	false	0	false	0	false	0
805310915	1	0	1	0	0	0	0	0	0	0	0	0	0	0	0	0	0	0	0	0	0	0	0	0	0	0	0	0	0	0	0	0	0	25968	0	0	0	0	0	0	0	0	0	0	0	0	0	0	0	0	0	0	0	0	0	0	10920	872416368	0	false	false	0	0	0	0	false	0	false	0	false	0	false	0
805310916	2	0	1	0	0	0	0	0	0	0	0	0	0	0	0	0	0	0	0	0	0	0	0	0	0	0	0	0	0	0	0	0	0	25969	0	0	0	0	0	0	0	0	0	0	0	0	0	0	0	0	0	0	0	0	0	0	10920	872416368	0	false	false	0	0	0	0	false	0	false	0	false	0	false	0
805310917	3	0	1	0	0	0	0	0	0	0	0	0	0	0	0	0	0	0	0	0	0	0	0	0	0	0	0	0	0	0	0	0	0	25970	0	0	0	0	0	0	0	0	0	0	0	0	0	0	0	0	0	0	0	0	0	0	10920	872416368	0	false	false	0	0	0	0	false	0	false	0	false	0	false	0
805310918	4	0	1	0	0	0	0	0	0	0	0	0	0	0	0	0	0	0	0	0	0	0	0	0	0	0	0	0	0	0	0	0	0	25971	0	0	0	0	0	0	0	0	0	0	0	0	0	0	0	0	0	0	0	0	0	0	10920	872416368	0	false	false	0	0	0	0	false	0	false	0	false	0	false	0
805310919	0	0	1	0	0	0	0	0	0	0	0	0	0	0	0	0	0	0	0	0	0	0	0	0	0	0	0	0	0	0	0	0	0	0	0	0	0	0	32346	0	0	0	0	32346	0	0	0	0	0	0	0	0	0	0	0	0	10920	872416374	0	false	false	0	0	0	0	false	0	false	0	false	0	false	0
805310920	1	0	1	0	0	0	0	0	0	0	0	0	0	0	0	0	0	0	0	0	0	0	0	0	0	0	0	0	0	0	0	0	0	0	0	0	0	0	32343	0	0	0	0	32343	0	0	0	0	0	0	0	0	0	0	0	0	10920	872416374	0	false	false	0	0	0	0	false	0	false	0	false	0	false	0
805310921	2	0	1	0	0	0	0	0	0	0	0	0	0	0	0	0	0	0	0	0	0	0	0	0	0	0	0	0	0	0	0	0	0	0	0	0	0	0	32347	0	0	0	0	32347	0	0	0	0	0	0	0	0	0	0	0	0	10920	872416374	0	false	false	0	0	0	0	false	0	false	0	false	0	false	0
805310922	3	0	1	0	0	0	0	0	0	0	0	0	0	0	0	0	0	0	0	0	0	0	0	0	0	0	0	0	0	0	0	0	0	0	0	0	0	0	32345	0	0	0	0	32345	0	0	0	0	0	0	0	0	0	0	0	0	10920	872416374	0	false	false	0	0	0	0	false	0	false	0	false	0	false	0
805310923	4	0	1	0	0	0	0	0	0	0	0	0	0	0	0	0	0	0	0	0	0	0	0	0	0	0	0	0	0	0	0	0	0	0	0	0	0	0	32344	0	0	0	0	32344	0	0	0	0	0	0	0	0	0	0	0	0	10920	872416374	0	false	false	0	0	0	0	false	0	false	0	false	0	false	0
805310924	0	0	1	0	0	0	0	0	0	0	0	0	0	0	0	0	0	0	0	0	0	0	0	0	0	0	0	0	0	0	0	0	0	0	0	0	0	0	0	0	0	0	0	38447	0	0	0	0	0	0	0	0	0	0	0	0	10920	872416377	0	false	false	0	0	0	0	false	0	false	0	false	0	false	0
805310925	1	0	1	0	0	0	0	0	0	0	0	0	0	0	0	0	0	0	0	0	0	0	0	0	0	0	0	0	0	0	0	0	0	0	0	0	0	0	0	0	0	0	0	38444	0	0	0	0	0	0	0	0	0	0	0	0	10920	872416377	0	false	false	0	0	0	0	false	0	false	0	false	0	false	0
805310926	2	0	1	0	0	0	0	0	0	0	0	0	0	0	0	0	0	0	0	0	0	0	0	0	0	0	0	0	0	0	0	0	0	0	0	0	0	0	0	0	0	0	0	38448	0	0	0	0	0	0	0	0	0	0	0	0	10920	872416377	0	false	false	0	0	0	0	false	0	false	0	false	0	false	0
805310927	3	0	1	0	0	0	0	0	0	0	0	0	0	0	0	0	0	0	0	0	0	0	0	0	0	0	0	0	0	0	0	0	0	0	0	0	0	0	0	0	0	0	0	38446	0	0	0	0	0	0	0	0	0	0	0	0	10920	872416377	0	false	false	0	0	0	0	false	0	false	0	false	0	false	0
805310928	4	0	1	0	0	0	0	0	0	0	0	0	0	0	0	0	0	0	0	0	0	0	0	0	0	0	0	0	0	0	0	0	0	0	0	0	0	0	0	0	0	0	0	38445	0	0	0	0	0	0	0	0	0	0	0	0	10920	872416377	0	false	false	0	0	0	0	false	0	false	0	false	0	false	0
805310929	9	0	1	23651	7505	7504	0	0	23651	7505	7504	0	0	23651	7505	7504	0	0	23651	7505	7504	0	0	0	0	0	0	0	0	0	0	0	0	0	0	0	0	0	0	0	0	0	0	0	0	0	0	0	0	0	0	0	0	0	0	0	10920	872416353	0	false	false	0	0	0	0	false	0	false	0	false	0	false	0
805310930	9	0	1	23651	7496	7495	0	0	23651	7496	7495	0	0	23651	7496	7495	0	0	23651	7496	7495	0	0	0	0	0	0	0	0	0	0	0	0	0	0	0	0	0	0	0	0	0	0	0	0	0	0	0	0	0	0	0	0	0	0	0	10920	872416356	0	false	false	0	0	0	0	false	0	false	0	false	0	false	0
805310931	9	0	1	23651	7502	7501	0	0	23651	7502	7501	0	0	23651	7502	7501	0	0	23651	7502	7501	0	0	0	0	0	0	0	0	0	0	0	0	0	0	0	0	0	0	0	0	0	0	0	0	0	0	0	0	0	0	0	0	0	0	0	10920	872416359	0	false	false	0	0	0	0	false	0	false	0	false	0	false	0
805310932	9	0	1	23651	7499	7498	0	0	23651	7499	7498	0	0	23651	7499	7498	0	0	23651	7499	7498	0	0	0	0	0	0	0	0	0	0	0	0	0	0	0	0	0	0	0	0	0	0	0	0	0	0	0	0	0	0	0	0	0	0	0	10920	872416362	0	false	false	0	0	0	0	false	0	false	0	false	0	false	0
805310933	9	0	1	23651	7493	7492	0	0	23651	7493	7492	0	0	23651	7493	7492	0	0	23651	7493	7492	0	0	23651	7493	7492	0	0	0	0	0	0	0	0	0	0	0	0	0	0	0	0	0	0	0	0	0	0	0	0	0	0	0	0	0	0	10920	872416365	0	false	true	0	0	0	0	false	0	false	0	false	0	false	0
805310934	9	0	1	0	0	0	0	0	0	0	0	0	0	0	0	0	0	0	0	0	0	0	0	0	0	0	0	0	23651	18837	18836	0	0	0	0	0	0	0	0	0	0	0	0	0	0	0	0	0	0	0	0	0	0	0	0	0	10920	872416371	0	false	false	0	0	0	0	false	0	false	0	false	0	false	0
805310935	9	0	1	0	0	0	0	0	0	0	0	0	0	0	0	0	0	0	0	0	0	0	0	0	0	0	0	0	0	0	0	0	0	23651	25438	25439	0	0	0	0	0	0	0	0	0	0	0	0	0	0	0	0	0	0	0	0	10920	872416368	0	false	false	0	0	0	0	false	0	false	0	false	0	false	0
805310936	9	0	1	0	0	0	0	0	0	0	0	0	0	0	0	0	0	0	0	0	0	0	0	0	0	0	0	0	0	0	0	0	0	0	0	0	0	0	23651	32377	32378	0	0	23651	32377	32378	0	0	23651	32377	32378	0	0	0	0	0	10920	872416374	0	false	false	0	0	0	0	false	0	false	0	false	0	false	0
805310937	9	0	1	0	0	0	0	0	0	0	0	0	0	0	0	0	0	0	0	0	0	0	0	0	0	0	0	0	0	0	0	0	0	0	0	0	0	0	0	0	0	0	0	23651	39110	39109	0	0	23651	39110	39109	0	0	0	0	0	10920	872416377	0	false	false	0	0	0	0	false	0	false	0	false	0	false	0
805310938	0	0	1	25813	0	0	0	0	0	0	0	0	0	0	0	0	0	0	0	0	0	0	0	0	0	0	0	0	0	0	0	0	0	0	0	0	0	0	0	0	0	0	0	0	0	0	0	0	0	0	0	0	0	0	0	1	10920	872416354	0	false	false	0	0	0	0	false	0	false	0	false	0	false	0
805310939	1	0	1	25814	0	0	0	0	0	0	0	0	0	0	0	0	0	0	0	0	0	0	0	0	0	0	0	0	0	0	0	0	0	0	0	0	0	0	0	0	0	0	0	0	0	0	0	0	0	0	0	0	0	0	0	0	10920	872416354	0	false	false	0	0	0	0	false	0	false	0	false	0	false	0
805310940	2	0	1	25815	0	0	0	0	0	0	0	0	0	0	0	0	0	0	0	0	0	0	0	0	0	0	0	0	0	0	0	0	0	0	0	0	0	0	0	0	0	0	0	0	0	0	0	0	0	0	0	0	0	0	0	0	10920	872416354	0	false	false	0	0	0	0	false	0	false	0	false	0	false	0
805310941	3	0	1	25816	0	0	0	0	0	0	0	0	0	0	0	0	0	0	0	0	0	0	0	0	0	0	0	0	0	0	0	0	0	0	0	0	0	0	0	0	0	0	0	0	0	0	0	0	0	0	0	0	0	0	0	0	10920	872416354	0	false	false	0	0	0	0	false	0	false	0	false	0	false	0
805310942	4	0	1	25817	0	0	0	0	0	0	0	0	0	0	0	0	0	0	0	0	0	0	0	0	0	0	0	0	0	0	0	0	0	0	0	0	0	0	0	0	0	0	0	0	0	0	0	0	0	0	0	0	0	0	0	0	10920	872416354	0	false	false	0	0	0	0	false	0	false	0	false	0	false	0
805310943	0	0	1	0	0	0	0	0	25818	0	0	0	0	0	0	0	0	0	0	0	0	0	0	0	0	0	0	0	0	0	0	0	0	0	0	0	0	0	0	0	0	0	0	0	0	0	0	0	0	0	0	0	0	0	0	1	10920	872416357	0	false	false	0	0	0	0	false	0	false	0	false	0	false	0
805310944	1	0	1	0	0	0	0	0	25819	0	0	0	0	0	0	0	0	0	0	0	0	0	0	0	0	0	0	0	0	0	0	0	0	0	0	0	0	0	0	0	0	0	0	0	0	0	0	0	0	0	0	0	0	0	0	0	10920	872416357	0	false	false	0	0	0	0	false	0	false	0	false	0	false	0
805310945	2	0	1	0	0	0	0	0	25820	0	0	0	0	0	0	0	0	0	0	0	0	0	0	0	0	0	0	0	0	0	0	0	0	0	0	0	0	0	0	0	0	0	0	0	0	0	0	0	0	0	0	0	0	0	0	0	10920	872416357	0	false	false	0	0	0	0	false	0	false	0	false	0	false	0
805310946	3	0	1	0	0	0	0	0	25821	0	0	0	0	0	0	0	0	0	0	0	0	0	0	0	0	0	0	0	0	0	0	0	0	0	0	0	0	0	0	0	0	0	0	0	0	0	0	0	0	0	0	0	0	0	0	0	10920	872416357	0	false	false	0	0	0	0	false	0	false	0	false	0	false	0
805310947	4	0	1	0	0	0	0	0	25822	0	0	0	0	0	0	0	0	0	0	0	0	0	0	0	0	0	0	0	0	0	0	0	0	0	0	0	0	0	0	0	0	0	0	0	0	0	0	0	0	0	0	0	0	0	0	0	10920	872416357	0	false	false	0	0	0	0	false	0	false	0	false	0	false	0
805310948	0	0	1	0	0	0	0	0	0	0	0	0	0	25823	0	0	0	0	0	0	0	0	0	0	0	0	0	0	0	0	0	0	0	0	0	0	0	0	0	0	0	0	0	0	0	0	0	0	0	0	0	0	0	0	0	1	10920	872416360	0	false	false	0	0	0	0	false	0	false	0	false	0	false	0
805310949	1	0	1	0	0	0	0	0	0	0	0	0	0	25824	0	0	0	0	0	0	0	0	0	0	0	0	0	0	0	0	0	0	0	0	0	0	0	0	0	0	0	0	0	0	0	0	0	0	0	0	0	0	0	0	0	0	10920	872416360	0	false	false	0	0	0	0	false	0	false	0	false	0	false	0
805310950	2	0	1	0	0	0	0	0	0	0	0	0	0	25825	0	0	0	0	0	0	0	0	0	0	0	0	0	0	0	0	0	0	0	0	0	0	0	0	0	0	0	0	0	0	0	0	0	0	0	0	0	0	0	0	0	0	10920	872416360	0	false	false	0	0	0	0	false	0	false	0	false	0	false	0
805310951	3	0	1	0	0	0	0	0	0	0	0	0	0	25826	0	0	0	0	0	0	0	0	0	0	0	0	0	0	0	0	0	0	0	0	0	0	0	0	0	0	0	0	0	0	0	0	0	0	0	0	0	0	0	0	0	0	10920	872416360	0	false	false	0	0	0	0	false	0	false	0	false	0	false	0
805310952	4	0	1	0	0	0	0	0	0	0	0	0	0	25827	0	0	0	0	0	0	0	0	0	0	0	0	0	0	0	0	0	0	0	0	0	0	0	0	0	0	0	0	0	0	0	0	0	0	0	0	0	0	0	0	0	0	10920	872416360	0	false	false	0	0	0	0	false	0	false	0	false	0	false	0
805310953	0	0	1	0	0	0	0	0	0	0	0	0	0	0	0	0	0	0	25828	0	0	0	0	0	0	0	0	0	0	0	0	0	0	0	0	0	0	0	0	0	0	0	0	0	0	0	0	0	0	0	0	0	0	0	0	1	10920	872416363	0	false	false	0	0	0	0	false	0	false	0	false	0	false	0
805310954	1	0	1	0	0	0	0	0	0	0	0	0	0	0	0	0	0	0	25829	0	0	0	0	0	0	0	0	0	0	0	0	0	0	0	0	0	0	0	0	0	0	0	0	0	0	0	0	0	0	0	0	0	0	0	0	0	10920	872416363	0	false	false	0	0	0	0	false	0	false	0	false	0	false	0
805310955	2	0	1	0	0	0	0	0	0	0	0	0	0	0	0	0	0	0	25830	0	0	0	0	0	0	0	0	0	0	0	0	0	0	0	0	0	0	0	0	0	0	0	0	0	0	0	0	0	0	0	0	0	0	0	0	0	10920	872416363	0	false	false	0	0	0	0	false	0	false	0	false	0	false	0
805310956	3	0	1	0	0	0	0	0	0	0	0	0	0	0	0	0	0	0	25831	0	0	0	0	0	0	0	0	0	0	0	0	0	0	0	0	0	0	0	0	0	0	0	0	0	0	0	0	0	0	0	0	0	0	0	0	0	10920	872416363	0	false	false	0	0	0	0	false	0	false	0	false	0	false	0
805310957	4	0	1	0	0	0	0	0	0	0	0	0	0	0	0	0	0	0	25832	0	0	0	0	0	0	0	0	0	0	0	0	0	0	0	0	0	0	0	0	0	0	0	0	0	0	0	0	0	0	0	0	0	0	0	0	0	10920	872416363	0	false	false	0	0	0	0	false	0	false	0	false	0	false	0
805310958	0	0	1	0	0	0	0	0	0	0	0	0	0	0	0	0	0	0	0	0	0	0	0	25833	0	0	0	0	0	0	0	0	0	0	0	0	0	0	0	0	0	0	0	0	0	0	0	0	0	0	0	0	0	0	0	1	10920	872416366	0	false	true	0	0	0	0	false	0	false	0	false	0	false	0
805310959	1	0	1	0	0	0	0	0	0	0	0	0	0	0	0	0	0	0	0	0	0	0	0	25834	0	0	0	0	0	0	0	0	0	0	0	0	0	0	0	0	0	0	0	0	0	0	0	0	0	0	0	0	0	0	0	0	10920	872416366	0	false	false	0	0	0	0	false	0	false	0	false	0	false	0
805310960	2	0	1	0	0	0	0	0	0	0	0	0	0	0	0	0	0	0	0	0	0	0	0	25835	0	0	0	0	0	0	0	0	0	0	0	0	0	0	0	0	0	0	0	0	0	0	0	0	0	0	0	0	0	0	0	0	10920	872416366	0	false	false	0	0	0	0	false	0	false	0	false	0	false	0
805310961	3	0	1	0	0	0	0	0	0	0	0	0	0	0	0	0	0	0	0	0	0	0	0	25836	0	0	0	0	0	0	0	0	0	0	0	0	0	0	0	0	0	0	0	0	0	0	0	0	0	0	0	0	0	0	0	0	10920	872416366	0	false	false	0	0	0	0	false	0	false	0	false	0	false	0
805310962	4	0	1	0	0	0	0	0	0	0	0	0	0	0	0	0	0	0	0	0	0	0	0	25837	0	0	0	0	0	0	0	0	0	0	0	0	0	0	0	0	0	0	0	0	0	0	0	0	0	0	0	0	0	0	0	0	10920	872416366	0	false	false	0	0	0	0	false	0	false	0	false	0	false	0
805310963	0	0	1	0	0	0	0	0	0	0	0	0	0	0	0	0	0	0	0	0	0	0	0	0	0	0	0	0	26027	0	0	0	0	0	0	0	0	0	0	0	0	0	0	0	0	0	0	0	0	0	0	0	0	0	0	1	10920	872416372	0	false	false	0	0	0	0	false	0	false	0	false	0	false	0
805310964	1	0	1	0	0	0	0	0	0	0	0	0	0	0	0	0	0	0	0	0	0	0	0	0	0	0	0	0	25839	0	0	0	0	0	0	0	0	0	0	0	0	0	0	0	0	0	0	0	0	0	0	0	0	0	0	0	10920	872416372	0	false	false	0	0	0	0	false	0	false	0	false	0	false	0
805310965	2	0	1	0	0	0	0	0	0	0	0	0	0	0	0	0	0	0	0	0	0	0	0	0	0	0	0	0	25840	0	0	0	0	0	0	0	0	0	0	0	0	0	0	0	0	0	0	0	0	0	0	0	0	0	0	0	10920	872416372	0	false	false	0	0	0	0	false	0	false	0	false	0	false	0
805310966	3	0	1	0	0	0	0	0	0	0	0	0	0	0	0	0	0	0	0	0	0	0	0	0	0	0	0	0	25841	0	0	0	0	0	0	0	0	0	0	0	0	0	0	0	0	0	0	0	0	0	0	0	0	0	0	0	10920	872416372	0	false	false	0	0	0	0	false	0	false	0	false	0	false	0
805310967	4	0	1	0	0	0	0	0	0	0	0	0	0	0	0	0	0	0	0	0	0	0	0	0	0	0	0	0	25842	0	0	0	0	0	0	0	0	0	0	0	0	0	0	0	0	0	0	0	0	0	0	0	0	0	0	0	10920	872416372	0	false	false	0	0	0	0	false	0	false	0	false	0	false	0
805310968	0	0	1	0	0	0	0	0	0	0	0	0	0	0	0	0	0	0	0	0	0	0	0	0	0	0	0	0	0	0	0	0	0	25843	0	0	0	0	0	0	0	0	0	0	0	0	0	0	0	0	0	0	0	0	0	0	10920	872416369	0	false	false	0	0	0	0	false	0	false	0	false	0	false	0
805310969	1	0	1	0	0	0	0	0	0	0	0	0	0	0	0	0	0	0	0	0	0	0	0	0	0	0	0	0	0	0	0	0	0	25844	0	0	0	0	0	0	0	0	0	0	0	0	0	0	0	0	0	0	0	0	0	0	10920	872416369	0	false	true	0	0	0	0	false	0	false	0	false	0	false	0
805310970	2	0	1	0	0	0	0	0	0	0	0	0	0	0	0	0	0	0	0	0	0	0	0	0	0	0	0	0	0	0	0	0	0	25845	0	0	0	0	0	0	0	0	0	0	0	0	0	0	0	0	0	0	0	0	0	0	10920	872416369	0	false	false	0	0	0	0	false	0	false	0	false	0	false	0
805310971	3	0	1	0	0	0	0	0	0	0	0	0	0	0	0	0	0	0	0	0	0	0	0	0	0	0	0	0	0	0	0	0	0	25846	0	0	0	0	0	0	0	0	0	0	0	0	0	0	0	0	0	0	0	0	0	0	10920	872416369	0	false	false	0	0	0	0	false	0	false	0	false	0	false	0
805310972	4	0	1	0	0	0	0	0	0	0	0	0	0	0	0	0	0	0	0	0	0	0	0	0	0	0	0	0	0	0	0	0	0	25847	0	0	0	0	0	0	0	0	0	0	0	0	0	0	0	0	0	0	0	0	0	0	10920	872416369	0	false	false	0	0	0	0	false	0	false	0	false	0	false	0
805310973	0	0	1	0	0	0	0	0	0	0	0	0	0	0	0	0	0	0	0	0	0	0	0	0	0	0	0	0	0	0	0	0	0	0	0	0	0	0	32351	0	0	0	0	32351	0	0	0	0	0	0	0	0	0	0	0	0	10920	872416375	0	false	false	0	0	0	0	false	0	false	0	false	0	false	0
805310974	1	0	1	0	0	0	0	0	0	0	0	0	0	0	0	0	0	0	0	0	0	0	0	0	0	0	0	0	0	0	0	0	0	0	0	0	0	0	32348	0	0	0	0	32348	0	0	0	0	0	0	0	0	0	0	0	0	10920	872416375	0	false	false	0	0	0	0	false	0	false	0	false	0	false	0
805310975	2	0	1	0	0	0	0	0	0	0	0	0	0	0	0	0	0	0	0	0	0	0	0	0	0	0	0	0	0	0	0	0	0	0	0	0	0	0	32352	0	0	0	0	32352	0	0	0	0	0	0	0	0	0	0	0	0	10920	872416375	0	false	false	0	0	0	0	false	0	false	0	false	0	false	0
805310976	3	0	1	0	0	0	0	0	0	0	0	0	0	0	0	0	0	0	0	0	0	0	0	0	0	0	0	0	0	0	0	0	0	0	0	0	0	0	32350	0	0	0	0	32350	0	0	0	0	0	0	0	0	0	0	0	0	10920	872416375	0	false	false	0	0	0	0	false	0	false	0	false	0	false	0
805310977	4	0	1	0	0	0	0	0	0	0	0	0	0	0	0	0	0	0	0	0	0	0	0	0	0	0	0	0	0	0	0	0	0	0	0	0	0	0	32349	0	0	0	0	32349	0	0	0	0	0	0	0	0	0	0	0	0	10920	872416375	0	false	false	0	0	0	0	false	0	false	0	false	0	false	0
805310978	0	0	1	0	0	0	0	0	0	0	0	0	0	0	0	0	0	0	0	0	0	0	0	0	0	0	0	0	0	0	0	0	0	0	0	0	0	0	0	0	0	0	0	38452	0	0	0	0	0	0	0	0	0	0	0	0	10920	872416378	0	false	false	0	0	0	0	false	0	false	0	false	0	false	0
805310979	1	0	1	0	0	0	0	0	0	0	0	0	0	0	0	0	0	0	0	0	0	0	0	0	0	0	0	0	0	0	0	0	0	0	0	0	0	0	0	0	0	0	0	38449	0	0	0	0	0	0	0	0	0	0	0	0	10920	872416378	0	false	false	0	0	0	0	false	0	false	0	false	0	false	0
805310980	2	0	1	0	0	0	0	0	0	0	0	0	0	0	0	0	0	0	0	0	0	0	0	0	0	0	0	0	0	0	0	0	0	0	0	0	0	0	0	0	0	0	0	38453	0	0	0	0	0	0	0	0	0	0	0	0	10920	872416378	0	false	false	0	0	0	0	false	0	false	0	false	0	false	0
805310981	3	0	1	0	0	0	0	0	0	0	0	0	0	0	0	0	0	0	0	0	0	0	0	0	0	0	0	0	0	0	0	0	0	0	0	0	0	0	0	0	0	0	0	38451	0	0	0	0	0	0	0	0	0	0	0	0	10920	872416378	0	false	false	0	0	0	0	false	0	false	0	false	0	false	0
805310982	4	0	1	0	0	0	0	0	0	0	0	0	0	0	0	0	0	0	0	0	0	0	0	0	0	0	0	0	0	0	0	0	0	0	0	0	0	0	0	0	0	0	0	38450	0	0	0	0	0	0	0	0	0	0	0	0	10920	872416378	0	false	false	0	0	0	0	false	0	false	0	false	0	false	0
805310983	9	0	1	25960	7505	7504	0	0	0	0	0	0	0	0	0	0	0	0	0	0	0	0	0	0	0	0	0	0	0	0	0	0	0	0	0	0	0	0	0	0	0	0	0	0	0	0	0	0	0	0	0	0	0	0	0	0	10920	872416354	0	false	false	0	0	0	0	false	0	false	0	false	0	false	0
805310984	9	0	1	0	0	0	0	0	25959	7496	7495	0	0	0	0	0	0	0	0	0	0	0	0	0	0	0	0	0	0	0	0	0	0	0	0	0	0	0	0	0	0	0	0	0	0	0	0	0	0	0	0	0	0	0	0	0	10920	872416357	0	false	false	0	0	0	0	false	0	false	0	false	0	false	0
805310985	9	0	1	0	0	0	0	0	0	0	0	0	0	25961	7502	7501	0	0	0	0	0	0	0	0	0	0	0	0	0	0	0	0	0	0	0	0	0	0	0	0	0	0	0	0	0	0	0	0	0	0	0	0	0	0	0	0	10920	872416360	0	false	false	0	0	0	0	false	0	false	0	false	0	false	0
805310986	9	0	1	0	0	0	0	0	0	0	0	0	0	0	0	0	0	0	25962	7499	7498	0	0	0	0	0	0	0	0	0	0	0	0	0	0	0	0	0	0	0	0	0	0	0	0	0	0	0	0	0	0	0	0	0	0	0	10920	872416363	0	false	false	0	0	0	0	false	0	false	0	false	0	false	0
805310987	9	0	1	0	0	0	0	0	0	0	0	0	0	0	0	0	0	0	0	0	0	0	0	25958	7493	7492	0	0	0	0	0	0	0	0	0	0	0	0	0	0	0	0	0	0	0	0	0	0	0	0	0	0	0	0	0	0	10920	872416366	0	false	false	0	0	0	0	false	0	false	0	false	0	false	0
805310988	9	0	1	0	0	0	0	0	0	0	0	0	0	0	0	0	0	0	0	0	0	0	0	0	0	0	0	0	25963	18837	18836	0	0	0	0	0	0	0	0	0	0	0	0	0	0	0	0	0	0	0	0	0	0	0	0	0	10920	872416372	0	false	false	0	0	0	0	false	0	false	0	false	0	false	0
805310989	9	0	1	0	0	0	0	0	0	0	0	0	0	0	0	0	0	0	0	0	0	0	0	0	0	0	0	0	0	0	0	0	0	25957	25438	25439	0	0	0	0	0	0	0	0	0	0	0	0	0	0	0	0	0	0	0	0	10920	872416369	0	false	false	0	0	0	0	false	0	false	0	false	0	false	0
805310990	9	0	1	0	0	0	0	0	0	0	0	0	0	0	0	0	0	0	0	0	0	0	0	0	0	0	0	0	0	0	0	0	0	0	0	0	0	0	32639	32377	32378	0	0	0	0	0	0	0	0	0	0	0	0	0	0	0	10920	872416375	0	false	false	0	0	0	0	false	0	false	0	false	0	false	0
805310991	9	0	1	0	0	0	0	0	0	0	0	0	0	0	0	0	0	0	0	0	0	0	0	0	0	0	0	0	0	0	0	0	0	0	0	0	0	0	0	0	0	0	0	25960	39110	39109	0	0	0	0	0	0	0	0	0	0	10920	872416378	0	false	false	0	0	0	0	false	0	false	0	false	0	false	0
805311001	9	0	1	49341	49343	49342	0	0	49341	49343	49342	0	0	49341	49343	49342	0	0	49341	49343	49342	0	0	49341	49343	49342	0	0	49341	49343	49342	0	0	49341	49343	49342	0	0	49341	49343	49342	0	0	49341	49343	49342	0	0	49341	49343	49342	0	0	0	0	0	10920	872415627	0	false	false	0	0	0	0	true	1000021440	false	0	false	0	false	0
805311002	0	0	1	34699	0	0	0	0	0	0	0	0	0	0	0	0	0	0	0	0	0	0	0	0	0	0	0	0	0	0	0	0	0	0	0	0	0	0	0	0	0	0	0	0	0	0	0	0	0	0	0	0	0	0	0	1	10920	0	0	false	true	0	0	0	0	false	0	false	0	false	0	false	0
805311003	0	0	1	0	0	0	0	0	65144	0	0	0	0	0	0	0	0	0	0	0	0	0	0	0	0	0	0	0	0	0	0	0	0	0	0	0	0	0	0	0	0	0	0	0	0	0	0	0	0	0	0	0	0	0	0	2	10920	0	0	false	true	0	0	0	0	false	0	false	0	false	0	false	0
805311004	0	0	1	0	0	0	0	0	0	0	0	0	0	34703	0	0	0	0	0	0	0	0	0	0	0	0	0	0	0	0	0	0	0	0	0	0	0	0	0	0	0	0	0	0	0	0	0	0	0	0	0	0	0	0	0	1	10920	0	0	false	true	0	0	0	0	false	0	false	0	false	0	false	0
805311005	0	0	1	0	0	0	0	0	0	0	0	0	0	0	0	0	0	0	34705	0	0	0	0	0	0	0	0	0	0	0	0	0	0	0	0	0	0	0	0	0	0	0	0	0	0	0	0	0	0	0	0	0	0	0	0	1	10920	0	0	false	true	0	0	0	0	false	0	false	0	false	0	false	0
805311006	0	0	1	0	0	0	0	0	0	0	0	0	0	0	0	0	0	0	0	0	0	0	0	34707	0	0	0	0	0	0	0	0	0	0	0	0	0	0	0	0	0	0	0	0	0	0	0	0	0	0	0	0	0	0	0	1	10920	0	0	false	true	0	0	0	0	false	0	false	0	false	0	false	0
805311007	0	0	1	0	0	0	0	0	0	0	0	0	0	0	0	0	0	0	0	0	0	0	0	0	0	0	0	0	34709	0	0	0	0	0	0	0	0	0	0	0	0	0	0	0	0	0	0	0	0	0	0	0	0	0	0	2	10920	0	0	false	true	0	0	0	0	false	0	false	0	false	0	false	0
805311008	0	0	1	0	0	0	0	0	0	0	0	0	0	0	0	0	0	0	0	0	0	0	0	0	0	0	0	0	0	0	0	0	0	34711	0	0	0	0	0	0	0	0	0	0	0	0	0	0	0	0	0	0	0	0	0	0	10920	0	0	false	true	0	0	0	0	false	0	false	0	false	0	false	0
805311009	0	0	1	0	0	0	0	0	0	0	0	0	0	0	0	0	0	0	0	0	0	0	0	0	0	0	0	0	0	0	0	0	0	0	0	0	0	0	34713	0	0	0	0	0	0	0	0	0	0	0	0	0	0	0	0	0	10920	0	0	false	true	0	0	0	0	false	0	false	0	false	0	false	0
805311010	0	0	1	0	0	0	0	0	0	0	0	0	0	0	0	0	0	0	0	0	0	0	0	0	0	0	0	0	0	0	0	0	0	0	0	0	0	0	0	0	0	0	0	49510	0	0	0	0	0	0	0	0	0	0	0	0	10920	0	0	false	false	0	0	0	0	false	0	false	0	false	0	false	0
805312725	0	0	1	0	0	0	0	0	0	0	0	0	0	0	0	0	0	0	0	0	0	0	0	0	0	0	0	0	0	0	0	0	0	0	0	0	0	0	0	0	0	0	0	0	0	0	0	0	66893	0	0	0	0	0	0	1	10920	0	0	false	true	0	0	0	0	false	0	false	0	false	0	false	0
805311011	1	0	1	33166	0	0	0	0	0	0	0	0	0	0	0	0	0	0	0	0	0	0	0	0	0	0	0	0	0	0	0	0	0	0	0	0	0	0	0	0	0	0	0	0	0	0	0	0	0	0	0	0	0	0	0	0	10920	0	0	false	true	2	3	4	0	false	0	false	0	false	0	false	0
805311012	1	0	1	0	0	0	0	0	33176	0	0	0	0	0	0	0	0	0	0	0	0	0	0	0	0	0	0	0	0	0	0	0	0	0	0	0	0	0	0	0	0	0	0	0	0	0	0	0	0	0	0	0	0	0	0	0	10920	0	0	false	true	2	3	4	0	false	0	false	0	false	0	false	0
805311013	1	0	1	0	0	0	0	0	0	0	0	0	0	33179	0	0	0	0	0	0	0	0	0	0	0	0	0	0	0	0	0	0	0	0	0	0	0	0	0	0	0	0	0	0	0	0	0	0	0	0	0	0	0	0	0	0	10920	0	0	false	true	2	3	4	0	false	0	false	0	false	0	false	0
805311014	1	0	1	0	0	0	0	0	0	0	0	0	0	0	0	0	0	0	33169	0	0	0	0	0	0	0	0	0	0	0	0	0	0	0	0	0	0	0	0	0	0	0	0	0	0	0	0	0	0	0	0	0	0	0	0	0	10920	0	0	false	true	2	3	4	0	false	0	false	0	false	0	false	0
805311015	1	0	1	0	0	0	0	0	0	0	0	0	0	0	0	0	0	0	0	0	0	0	0	33182	0	0	0	0	0	0	0	0	0	0	0	0	0	0	0	0	0	0	0	0	0	0	0	0	0	0	0	0	0	0	0	0	10920	0	0	false	true	2	3	4	0	false	0	false	0	false	0	false	0
805311016	1	0	1	0	0	0	0	0	0	0	0	0	0	0	0	0	0	0	0	0	0	0	0	0	0	0	0	0	33174	0	0	0	0	0	0	0	0	0	0	0	0	0	0	0	0	0	0	0	0	0	0	0	0	0	0	0	10920	0	0	false	true	2	3	4	0	false	0	false	0	false	0	false	0
805311017	1	0	1	0	0	0	0	0	0	0	0	0	0	0	0	0	0	0	0	0	0	0	0	0	0	0	0	0	0	0	0	0	0	33172	0	0	0	0	0	0	0	0	0	0	0	0	0	0	0	0	0	0	0	0	0	0	10920	0	0	false	true	2	3	4	0	false	0	false	0	false	0	false	0
805311018	1	0	1	0	0	0	0	0	0	0	0	0	0	0	0	0	0	0	0	0	0	0	0	0	0	0	0	0	0	0	0	0	0	0	0	0	0	0	33226	0	0	0	0	0	0	0	0	0	0	0	0	0	0	0	0	0	10920	0	0	false	true	2	3	4	0	false	0	false	0	false	0	false	0
805311019	1	0	1	0	0	0	0	0	0	0	0	0	0	0	0	0	0	0	0	0	0	0	0	0	0	0	0	0	0	0	0	0	0	0	0	0	0	0	0	0	0	0	0	38356	0	0	0	0	0	0	0	0	0	0	0	0	10920	0	0	false	false	2	3	4	0	false	0	false	0	false	0	false	0
805312726	1	0	1	0	0	0	0	0	0	0	0	0	0	0	0	0	0	0	0	0	0	0	0	0	0	0	0	0	0	0	0	0	0	0	0	0	0	0	0	0	0	0	0	0	0	0	0	0	63186	0	0	0	0	0	0	0	10920	0	0	false	false	2	3	4	0	false	0	false	0	false	0	false	0
805311024	12	0	1	48713	48714	48715	0	0	48713	48714	48715	0	0	48713	48714	48715	0	0	48713	48714	48715	0	0	48713	48714	48715	0	0	48713	48714	48715	0	0	48713	48714	48715	0	0	48713	48714	48715	0	0	48713	48714	48715	0	0	48713	48714	48715	0	0	0	0	0	10920	0	0	false	false	0	0	0	0	false	0	false	0	false	0	false	0
805311025	0	0	1	45950	0	0	0	0	45957	0	0	0	0	45951	0	0	0	0	45955	0	0	0	0	45958	0	0	0	0	45954	0	0	0	0	45956	0	0	0	0	45953	0	0	0	0	45952	0	0	0	0	0	0	0	0	0	0	0	2	10920	0	0	false	true	0	0	0	0	false	0	false	0	false	0	false	0
805311026	12	0	1	45959	45960	45961	0	0	45959	45960	45961	0	0	45959	45960	45961	0	0	45959	45960	45961	0	0	45959	45960	45961	0	0	45959	45960	45961	0	0	45959	45960	45961	0	0	45959	45960	45961	0	0	45959	45960	45961	0	0	45959	45960	45961	0	0	0	0	0	10920	0	0	false	false	0	0	0	0	false	0	false	0	false	0	false	0
805311027	10	0	1	46901	46903	46902	0	0	46901	46903	46902	0	0	46901	46903	46902	0	0	46901	46903	46902	0	0	46901	46903	46902	0	0	46901	46903	46902	0	0	46901	46903	46902	0	0	46901	46903	46902	0	0	46901	46903	46902	0	0	46901	46903	46902	0	0	0	0	0	10920	0	0	false	false	0	0	0	0	false	0	false	0	false	0	false	0
805311028	9	0	1	46898	46900	46899	0	0	46898	46900	46899	0	0	46898	46900	46899	0	0	46898	46900	46899	0	0	46898	46900	46899	0	0	46898	46900	46899	0	0	46898	46900	46899	0	0	46898	46900	46899	0	0	46898	46900	46899	0	0	46898	46900	46899	0	0	0	0	0	10920	0	0	false	false	0	0	0	0	false	0	false	0	false	0	false	0
805311066	9	0	1	49335	43151	43152	0	0	49335	43151	43152	0	0	49335	43151	43152	0	0	49335	43151	43152	0	0	49335	43151	43152	0	0	49335	43151	43152	0	0	49335	43151	43152	0	0	49335	43151	43152	0	0	49335	43151	43152	0	0	49335	43151	43152	0	0	0	0	0	10920	872415627	0	false	false	0	0	0	0	true	1000021440	false	0	false	0	false	0
805311067	10	0	1	49334	43154	43155	0	0	49334	43154	43155	0	0	49334	43154	43155	0	0	49334	43154	43155	0	0	49334	43154	43155	0	0	49334	43154	43155	0	0	49334	43154	43155	0	0	49334	43154	43155	0	0	49334	43154	43155	0	0	49334	43154	43155	0	0	0	0	0	10920	872415627	0	false	false	0	0	0	0	true	1000021440	false	0	false	0	false	0
805311068	11	10000	0	0	0	0	0	49336	0	0	0	0	49336	0	0	0	0	49336	0	0	0	0	49336	0	0	0	0	49336	0	0	0	0	49336	0	0	0	0	49336	0	0	0	0	49336	0	0	0	0	49336	0	0	0	0	49336	0	0	0	10920	872415627	0	false	false	0	0	0	0	true	1000021440	false	0	false	0	false	0
805311071	0	0	1	50284	0	0	0	0	50277	0	0	0	0	50283	0	0	0	0	50279	0	0	0	0	50276	0	0	0	0	50280	0	0	0	0	50278	0	0	0	0	50281	0	0	0	0	50282	0	0	0	0	0	0	0	0	0	0	0	0	10920	0	0	false	false	0	0	0	0	false	0	false	0	false	0	false	0
805311072	0	0	1	8635	0	0	0	0	0	0	0	0	0	0	0	0	0	0	0	0	0	0	0	0	0	0	0	0	0	0	0	0	0	0	0	0	0	0	0	0	0	0	0	0	0	0	0	0	0	0	0	0	0	0	0	1	10920	0	0	false	false	0	0	0	0	false	0	false	0	false	0	false	0
805311073	1	0	1	8632	0	0	0	0	0	0	0	0	0	0	0	0	0	0	0	0	0	0	0	0	0	0	0	0	0	0	0	0	0	0	0	0	0	0	0	0	0	0	0	0	0	0	0	0	0	0	0	0	0	0	0	0	10920	0	0	false	false	0	0	0	0	false	0	false	0	false	0	false	0
805311074	2	0	1	8636	0	0	0	0	0	0	0	0	0	0	0	0	0	0	0	0	0	0	0	0	0	0	0	0	0	0	0	0	0	0	0	0	0	0	0	0	0	0	0	0	0	0	0	0	0	0	0	0	0	0	0	0	10920	0	0	false	false	0	0	0	0	false	0	false	0	false	0	false	0
805311075	3	0	1	8634	0	0	0	0	0	0	0	0	0	0	0	0	0	0	0	0	0	0	0	0	0	0	0	0	0	0	0	0	0	0	0	0	0	0	0	0	0	0	0	0	0	0	0	0	0	0	0	0	0	0	0	0	10920	0	0	false	false	0	0	0	0	false	0	false	0	false	0	false	0
805311076	4	0	1	8633	0	0	0	0	0	0	0	0	0	0	0	0	0	0	0	0	0	0	0	0	0	0	0	0	0	0	0	0	0	0	0	0	0	0	0	0	0	0	0	0	0	0	0	0	0	0	0	0	0	0	0	0	10920	0	0	false	false	0	0	0	0	false	0	false	0	false	0	false	0
805311077	0	0	1	0	0	0	0	0	5708	0	0	0	0	0	0	0	0	0	0	0	0	0	0	0	0	0	0	0	0	0	0	0	0	0	0	0	0	0	0	0	0	0	0	0	0	0	0	0	0	0	0	0	0	0	0	0	10920	0	0	false	false	0	0	0	0	false	0	false	0	false	0	false	0
805311078	1	0	1	0	0	0	0	0	5705	0	0	0	0	0	0	0	0	0	0	0	0	0	0	0	0	0	0	0	0	0	0	0	0	0	0	0	0	0	0	0	0	0	0	0	0	0	0	0	0	0	0	0	0	0	0	0	10920	0	0	false	false	0	0	0	0	false	0	false	0	false	0	false	0
805311079	2	0	1	0	0	0	0	0	5709	0	0	0	0	0	0	0	0	0	0	0	0	0	0	0	0	0	0	0	0	0	0	0	0	0	0	0	0	0	0	0	0	0	0	0	0	0	0	0	0	0	0	0	0	0	0	0	10920	0	0	false	false	0	0	0	0	false	0	false	0	false	0	false	0
805311080	3	0	1	0	0	0	0	0	5707	0	0	0	0	0	0	0	0	0	0	0	0	0	0	0	0	0	0	0	0	0	0	0	0	0	0	0	0	0	0	0	0	0	0	0	0	0	0	0	0	0	0	0	0	0	0	0	10920	0	0	false	false	0	0	0	0	false	0	false	0	false	0	false	0
805311081	4	0	1	0	0	0	0	0	5706	0	0	0	0	0	0	0	0	0	0	0	0	0	0	0	0	0	0	0	0	0	0	0	0	0	0	0	0	0	0	0	0	0	0	0	0	0	0	0	0	0	0	0	0	0	0	0	10920	0	0	false	false	0	0	0	0	false	0	false	0	false	0	false	0
805311082	0	0	1	0	0	0	0	0	0	0	0	0	0	7826	0	0	0	0	0	0	0	0	0	0	0	0	0	0	0	0	0	0	0	0	0	0	0	0	0	0	0	0	0	0	0	0	0	0	0	0	0	0	0	0	0	1	10920	0	0	false	false	0	0	0	0	false	0	false	0	false	0	false	0
805311083	1	0	1	0	0	0	0	0	0	0	0	0	0	7823	0	0	0	0	0	0	0	0	0	0	0	0	0	0	0	0	0	0	0	0	0	0	0	0	0	0	0	0	0	0	0	0	0	0	0	0	0	0	0	0	0	0	10920	0	0	false	false	0	0	0	0	false	0	false	0	false	0	false	0
805311084	2	0	1	0	0	0	0	0	0	0	0	0	0	7827	0	0	0	0	0	0	0	0	0	0	0	0	0	0	0	0	0	0	0	0	0	0	0	0	0	0	0	0	0	0	0	0	0	0	0	0	0	0	0	0	0	0	10920	0	0	false	false	0	0	0	0	false	0	false	0	false	0	false	0
805311085	3	0	1	0	0	0	0	0	0	0	0	0	0	7825	0	0	0	0	0	0	0	0	0	0	0	0	0	0	0	0	0	0	0	0	0	0	0	0	0	0	0	0	0	0	0	0	0	0	0	0	0	0	0	0	0	0	10920	0	0	false	false	0	0	0	0	false	0	false	0	false	0	false	0
805311086	4	0	1	0	0	0	0	0	0	0	0	0	0	7824	0	0	0	0	0	0	0	0	0	0	0	0	0	0	0	0	0	0	0	0	0	0	0	0	0	0	0	0	0	0	0	0	0	0	0	0	0	0	0	0	0	0	10920	0	0	false	false	0	0	0	0	false	0	false	0	false	0	false	0
805311087	0	0	1	0	0	0	0	0	0	0	0	0	0	0	0	0	0	0	6941	0	0	0	0	0	0	0	0	0	0	0	0	0	0	0	0	0	0	0	0	0	0	0	0	0	0	0	0	0	0	0	0	0	0	0	0	0	10920	0	0	false	false	0	0	0	0	false	0	false	0	false	0	false	0
805311088	1	0	1	0	0	0	0	0	0	0	0	0	0	0	0	0	0	0	6938	0	0	0	0	0	0	0	0	0	0	0	0	0	0	0	0	0	0	0	0	0	0	0	0	0	0	0	0	0	0	0	0	0	0	0	0	0	10920	0	0	false	false	0	0	0	0	false	0	false	0	false	0	false	0
805311089	2	0	1	0	0	0	0	0	0	0	0	0	0	0	0	0	0	0	6942	0	0	0	0	0	0	0	0	0	0	0	0	0	0	0	0	0	0	0	0	0	0	0	0	0	0	0	0	0	0	0	0	0	0	0	0	0	10920	0	0	false	false	0	0	0	0	false	0	false	0	false	0	false	0
805311090	3	0	1	0	0	0	0	0	0	0	0	0	0	0	0	0	0	0	6940	0	0	0	0	0	0	0	0	0	0	0	0	0	0	0	0	0	0	0	0	0	0	0	0	0	0	0	0	0	0	0	0	0	0	0	0	0	10920	0	0	false	false	0	0	0	0	false	0	false	0	false	0	false	0
805311091	4	0	1	0	0	0	0	0	0	0	0	0	0	0	0	0	0	0	6939	0	0	0	0	0	0	0	0	0	0	0	0	0	0	0	0	0	0	0	0	0	0	0	0	0	0	0	0	0	0	0	0	0	0	0	0	0	10920	0	0	false	false	0	0	0	0	false	0	false	0	false	0	false	0
805311092	0	0	1	0	0	0	0	0	0	0	0	0	0	0	0	0	0	0	0	0	0	0	0	14270	0	0	0	0	0	0	0	0	0	0	0	0	0	0	0	0	0	0	0	0	0	0	0	0	0	0	0	0	0	0	0	2	10920	0	0	false	true	0	0	0	0	false	0	false	0	false	0	false	0
805311093	1	0	1	0	0	0	0	0	0	0	0	0	0	0	0	0	0	0	0	0	0	0	0	14239	0	0	0	0	0	0	0	0	0	0	0	0	0	0	0	0	0	0	0	0	0	0	0	0	0	0	0	0	0	0	0	0	10920	0	0	false	false	0	0	0	0	false	0	false	0	false	0	false	0
805311094	2	0	1	0	0	0	0	0	0	0	0	0	0	0	0	0	0	0	0	0	0	0	0	14240	0	0	0	0	0	0	0	0	0	0	0	0	0	0	0	0	0	0	0	0	0	0	0	0	0	0	0	0	0	0	0	0	10920	0	0	false	false	0	0	0	0	false	0	false	0	false	0	false	0
805311095	3	0	1	0	0	0	0	0	0	0	0	0	0	0	0	0	0	0	0	0	0	0	0	14241	0	0	0	0	0	0	0	0	0	0	0	0	0	0	0	0	0	0	0	0	0	0	0	0	0	0	0	0	0	0	0	0	10920	0	0	false	false	0	0	0	0	false	0	false	0	false	0	false	0
805311096	4	0	1	0	0	0	0	0	0	0	0	0	0	0	0	0	0	0	0	0	0	0	0	14242	0	0	0	0	0	0	0	0	0	0	0	0	0	0	0	0	0	0	0	0	0	0	0	0	0	0	0	0	0	0	0	0	10920	0	0	false	false	0	0	0	0	false	0	false	0	false	0	false	0
805311097	0	0	1	0	0	0	0	0	0	0	0	0	0	0	0	0	0	0	0	0	0	0	0	0	0	0	0	0	20397	0	0	0	0	0	0	0	0	0	0	0	0	0	0	0	0	0	0	0	0	0	0	0	0	0	0	0	10920	0	0	false	false	0	0	0	0	false	0	false	0	false	0	false	0
805311098	1	0	1	0	0	0	0	0	0	0	0	0	0	0	0	0	0	0	0	0	0	0	0	0	0	0	0	0	20398	0	0	0	0	0	0	0	0	0	0	0	0	0	0	0	0	0	0	0	0	0	0	0	0	0	0	0	10920	0	0	false	false	0	0	0	0	false	0	false	0	false	0	false	0
805311099	2	0	1	0	0	0	0	0	0	0	0	0	0	0	0	0	0	0	0	0	0	0	0	0	0	0	0	0	20399	0	0	0	0	0	0	0	0	0	0	0	0	0	0	0	0	0	0	0	0	0	0	0	0	0	0	0	10920	0	0	false	false	0	0	0	0	false	0	false	0	false	0	false	0
805311100	3	0	1	0	0	0	0	0	0	0	0	0	0	0	0	0	0	0	0	0	0	0	0	0	0	0	0	0	20400	0	0	0	0	0	0	0	0	0	0	0	0	0	0	0	0	0	0	0	0	0	0	0	0	0	0	0	10920	0	0	false	false	0	0	0	0	false	0	false	0	false	0	false	0
805311101	4	0	1	0	0	0	0	0	0	0	0	0	0	0	0	0	0	0	0	0	0	0	0	0	0	0	0	0	20401	0	0	0	0	0	0	0	0	0	0	0	0	0	0	0	0	0	0	0	0	0	0	0	0	0	0	0	10920	0	0	false	false	0	0	0	0	false	0	false	0	false	0	false	0
805311102	0	0	1	0	0	0	0	0	0	0	0	0	0	0	0	0	0	0	0	0	0	0	0	0	0	0	0	0	0	0	0	0	0	26533	0	0	0	0	0	0	0	0	0	0	0	0	0	0	0	0	0	0	0	0	0	1	10920	0	0	false	false	0	0	0	0	false	0	false	0	false	0	false	0
805311103	1	0	1	0	0	0	0	0	0	0	0	0	0	0	0	0	0	0	0	0	0	0	0	0	0	0	0	0	0	0	0	0	0	26538	0	0	0	0	0	0	0	0	0	0	0	0	0	0	0	0	0	0	0	0	0	0	10920	0	0	false	true	0	0	0	0	false	0	false	0	false	0	false	0
805311104	2	0	1	0	0	0	0	0	0	0	0	0	0	0	0	0	0	0	0	0	0	0	0	0	0	0	0	0	0	0	0	0	0	26535	0	0	0	0	0	0	0	0	0	0	0	0	0	0	0	0	0	0	0	0	0	0	10920	0	0	false	false	0	0	0	0	false	0	false	0	false	0	false	0
805311105	3	0	1	0	0	0	0	0	0	0	0	0	0	0	0	0	0	0	0	0	0	0	0	0	0	0	0	0	0	0	0	0	0	26536	0	0	0	0	0	0	0	0	0	0	0	0	0	0	0	0	0	0	0	0	0	0	10920	0	0	false	false	0	0	0	0	false	0	false	0	false	0	false	0
805311106	4	0	1	0	0	0	0	0	0	0	0	0	0	0	0	0	0	0	0	0	0	0	0	0	0	0	0	0	0	0	0	0	0	26537	0	0	0	0	0	0	0	0	0	0	0	0	0	0	0	0	0	0	0	0	0	0	10920	0	0	false	false	0	0	0	0	false	0	false	0	false	0	false	0
805311107	0	0	1	0	0	0	0	0	0	0	0	0	0	0	0	0	0	0	0	0	0	0	0	0	0	0	0	0	0	0	0	0	0	0	0	0	0	0	34387	0	0	0	0	0	0	0	0	0	0	0	0	0	0	0	0	0	10920	0	0	false	true	0	0	0	0	false	0	false	0	false	0	false	0
805311108	1	0	1	0	0	0	0	0	0	0	0	0	0	0	0	0	0	0	0	0	0	0	0	0	0	0	0	0	0	0	0	0	0	0	0	0	0	0	34386	0	0	0	0	0	0	0	0	0	0	0	0	0	0	0	0	0	10920	0	0	false	true	2	3	4	0	false	0	false	0	false	0	false	0
805311115	0	0	1	0	0	0	0	0	0	0	0	0	0	0	0	0	0	0	0	0	0	0	0	0	0	0	0	0	0	0	0	0	0	0	0	0	0	0	0	0	0	0	0	42041	0	0	0	0	0	0	0	0	0	0	0	0	10920	0	0	false	false	0	0	0	0	false	0	false	0	false	0	false	0
805311116	1	0	1	0	0	0	0	0	0	0	0	0	0	0	0	0	0	0	0	0	0	0	0	0	0	0	0	0	0	0	0	0	0	0	0	0	0	0	0	0	0	0	0	42038	0	0	0	0	0	0	0	0	0	0	0	0	10920	0	0	false	true	2	3	4	0	false	0	false	0	false	0	false	0
805311144	9	0	1	48672	6428	6427	0	0	48672	6428	6427	0	0	48672	6428	6427	0	0	48672	6428	6427	0	0	48672	6428	6427	0	0	48672	6428	6427	0	0	48672	6428	6427	0	0	48672	6428	6427	0	0	48672	6428	6427	0	0	48672	6428	6427	0	0	0	0	0	10920	0	0	false	false	0	0	0	0	false	0	false	0	false	0	false	0
805311152	9	0	1	50621	50622	50623	0	0	50621	50622	50623	0	0	50621	50622	50623	0	0	50621	50622	50623	0	0	50621	50622	50623	0	0	50621	50622	50623	0	0	50621	50622	50623	0	0	50621	50622	50623	0	0	50621	50622	50623	0	0	50621	50622	50623	0	0	0	0	0	10920	872415627	0	false	false	0	0	0	0	true	1000021440	false	0	false	0	false	0
805311153	10	0	1	50624	50625	50626	0	0	50624	50625	50626	0	0	50624	50625	50626	0	0	50624	50625	50626	0	0	50624	50625	50626	0	0	50624	50625	50626	0	0	50624	50625	50626	0	0	50624	50625	50626	0	0	50624	50625	50626	0	0	50624	50625	50626	0	0	0	0	0	10920	872415627	0	false	false	0	0	0	0	true	1000021440	false	0	false	0	false	0
805311154	11	0	1	0	0	0	0	50627	0	0	0	0	50627	0	0	0	0	50627	0	0	0	0	50627	0	0	0	0	50627	0	0	0	0	50627	0	0	0	0	50627	0	0	0	0	50627	0	0	0	0	50627	0	0	0	0	50627	0	0	0	10920	872415627	0	false	false	0	0	0	0	true	1000021440	false	0	false	0	false	0
805311191	0	0	1	51943	0	0	0	0	51944	0	0	0	0	51945	0	0	0	0	51946	0	0	0	0	51947	0	0	0	0	51948	0	0	0	0	51949	0	0	0	0	51950	0	0	0	0	51951	0	0	0	0	0	0	0	0	0	0	0	1	10920	0	0	false	false	0	0	0	0	false	0	false	0	false	0	false	0
805311235	9	0	1	52491	52492	52493	0	0	52491	52492	52493	0	0	52491	52492	52493	0	0	52491	52492	52493	0	0	52491	52492	52493	0	0	52491	52492	52493	0	0	52491	52492	52493	0	0	52491	52492	52493	0	0	52491	52492	52493	0	0	52491	52492	52493	0	0	0	0	0	10920	0	0	false	false	0	0	0	0	false	0	false	0	false	0	false	0
805311236	10	0	1	52494	52495	52496	0	0	52494	52495	52496	0	0	52494	52495	52496	0	0	52494	52495	52496	0	0	52494	52495	52496	0	0	52494	52495	52496	0	0	52494	52495	52496	0	0	52494	52495	52496	0	0	52494	52495	52496	0	0	52494	52495	52496	0	0	0	0	0	10920	0	0	false	false	0	0	0	0	false	0	false	0	false	0	false	0
805311237	11	0	1	0	0	0	0	52497	0	0	0	0	52497	0	0	0	0	52497	0	0	0	0	52497	0	0	0	0	52497	0	0	0	0	52497	0	0	0	0	52497	0	0	0	0	52497	0	0	0	0	52497	0	0	0	0	52497	0	0	0	10920	0	0	false	false	0	0	0	0	false	0	false	0	false	0	false	0
805312680	9	0	1	52491	52492	52493	0	0	52491	52492	52493	0	0	52491	52492	52493	0	0	52491	52492	52493	0	0	52491	52492	52493	0	0	52491	52492	52493	0	0	52491	52492	52493	0	0	52491	52492	52493	0	0	52491	52492	52493	0	0	52491	52492	52493	0	0	0	0	0	10920	0	0	false	false	0	0	0	0	false	0	false	0	false	0	false	0
805312681	10	0	1	52494	52495	52496	0	0	52494	52495	52496	0	0	52494	52495	52496	0	0	52494	52495	52496	0	0	52494	52495	52496	0	0	52494	52495	52496	0	0	52494	52495	52496	0	0	52494	52495	52496	0	0	52494	52495	52496	0	0	52494	52495	52496	0	0	0	0	0	10920	0	0	false	false	0	0	0	0	false	0	false	0	false	0	false	0
805312682	11	0	1	0	0	0	0	52497	0	0	0	0	52497	0	0	0	0	52497	0	0	0	0	52497	0	0	0	0	52497	0	0	0	0	52497	0	0	0	0	52497	0	0	0	0	52497	0	0	0	0	52497	0	0	0	0	52497	0	0	0	10920	0	0	false	false	0	0	0	0	false	0	false	0	false	0	false	0
805311263	0	0	1	53005	0	0	0	0	53007	0	0	0	0	53009	0	0	0	0	53011	0	0	0	0	53013	0	0	0	0	53015	0	0	0	0	53017	0	0	0	0	53019	0	0	0	0	53021	0	0	0	0	0	0	0	0	0	0	0	1	10920	0	0	false	false	0	0	0	0	false	0	false	0	false	0	false	0
805311264	0	0	1	53006	0	0	0	0	53008	0	0	0	0	53010	0	0	0	0	53012	0	0	0	0	53014	0	0	0	0	53016	0	0	0	0	53018	0	0	0	0	53020	0	0	0	0	53022	0	0	0	0	0	0	0	0	0	0	0	1	10920	0	0	false	false	0	0	0	0	false	0	false	0	false	0	false	0
805311266	7	0	1	0	0	53034	0	0	0	0	53034	0	0	0	0	53034	0	0	0	0	53034	0	0	0	0	53034	0	0	0	0	53034	0	0	0	0	53034	0	0	0	0	53034	0	0	0	0	53034	0	0	0	0	53034	0	0	0	0	0	10920	872415627	0	false	false	0	0	0	0	true	1000021440	false	0	false	0	false	0
805311267	6	0	1	53033	0	0	0	0	53033	0	0	0	0	53033	0	0	0	0	53033	0	0	0	0	53033	0	0	0	0	53033	0	0	0	0	53033	0	0	0	0	53033	0	0	0	0	53033	0	0	0	0	53033	0	0	0	0	0	0	0	10920	872415627	0	false	false	0	0	0	0	true	1000021440	false	0	false	0	false	0
805311268	5	0	1	0	0	0	0	0	0	0	0	0	0	0	0	0	0	0	0	0	0	0	0	0	0	0	0	0	0	0	0	0	0	0	0	0	0	0	0	0	0	0	0	0	0	0	0	0	0	0	0	0	0	0	0	0	10920	872415627	0	false	false	0	0	0	0	true	1000021440	false	0	false	0	false	0
805312683	7	0	1	0	0	53034	0	0	0	0	53034	0	0	0	0	53034	0	0	0	0	53034	0	0	0	0	53034	0	0	0	0	53034	0	0	0	0	53034	0	0	0	0	53034	0	0	0	0	53034	0	0	0	0	53034	0	0	0	0	0	10920	872415627	0	false	false	0	0	0	0	true	1000021440	false	0	false	0	false	0
805312684	6	0	1	53033	0	0	0	0	53033	0	0	0	0	53033	0	0	0	0	53033	0	0	0	0	53033	0	0	0	0	53033	0	0	0	0	53033	0	0	0	0	53033	0	0	0	0	53033	0	0	0	0	53033	0	0	0	0	0	0	0	10920	872415627	0	false	false	0	0	0	0	true	1000021440	false	0	false	0	false	0
805312685	5	0	1	0	0	0	0	0	0	0	0	0	0	0	0	0	0	0	0	0	0	0	0	0	0	0	0	0	0	0	0	0	0	0	0	0	0	0	0	0	0	0	0	0	0	0	0	0	0	0	0	0	0	0	0	0	10920	872415627	0	false	false	0	0	0	0	true	1000021440	false	0	false	0	false	0
805311278	0	0	1	41915	0	0	0	0	41916	0	0	0	0	41917	0	0	0	0	41918	0	0	0	0	41919	0	0	0	0	41920	0	0	0	0	41921	0	0	0	0	41922	0	0	0	0	41923	0	0	0	0	0	0	0	0	0	0	0	1	10920	0	0	false	true	0	0	0	0	false	0	false	0	false	0	false	0
805311279	0	0	1	47290	0	0	0	0	47291	0	0	0	0	47292	0	0	0	0	47293	0	0	0	0	47294	0	0	0	0	47295	0	0	0	0	47296	0	0	0	0	47297	0	0	0	0	47298	0	0	0	0	0	0	0	0	0	0	0	1	10920	0	0	false	false	0	0	0	0	false	0	false	0	false	0	false	0
805311280	0	0	1	47281	0	0	0	0	47282	0	0	0	0	47283	0	0	0	0	47284	0	0	0	0	47285	0	0	0	0	47286	0	0	0	0	47287	0	0	0	0	47288	0	0	0	0	47289	0	0	0	0	0	0	0	0	0	0	0	1	10920	0	0	false	false	0	0	0	0	false	0	false	0	false	0	false	0
805311281	0	0	1	8656	0	0	0	0	5729	0	0	0	0	7847	0	0	0	0	6962	0	0	0	0	14153	0	0	0	0	14153	0	0	0	0	14153	0	0	0	0	0	0	0	0	0	0	0	0	0	0	0	0	0	0	0	0	0	1	10920	0	0	false	true	0	0	0	0	false	0	false	0	false	0	false	0
805311282	0	0	1	8657	0	0	0	0	5730	0	0	0	0	7848	0	0	0	0	6963	0	0	0	0	14154	0	0	0	0	14154	0	0	0	0	14154	0	0	0	0	0	0	0	0	0	0	0	0	0	0	0	0	0	0	0	0	0	1	10920	0	0	false	true	0	0	0	0	false	0	false	0	false	0	false	0
805311283	0	0	1	8654	0	0	0	0	5727	0	0	0	0	7845	0	0	0	0	6960	0	0	0	0	14155	0	0	0	0	14155	0	0	0	0	14155	0	0	0	0	0	0	0	0	0	0	0	0	0	0	0	0	0	0	0	0	0	1	10920	0	0	false	true	0	0	0	0	false	0	false	0	false	0	false	0
805311284	0	0	1	8655	0	0	0	0	5728	0	0	0	0	7846	0	0	0	0	6961	0	0	0	0	14156	0	0	0	0	14156	0	0	0	0	14156	0	0	0	0	0	0	0	0	0	0	0	0	0	0	0	0	0	0	0	0	0	1	10920	0	0	false	true	0	0	0	0	false	0	false	0	false	0	false	0
805311285	0	0	1	0	0	0	0	0	26365	0	0	0	0	26369	0	0	0	0	0	0	0	0	0	26364	0	0	0	0	26368	0	0	0	0	26366	0	0	0	0	34402	0	0	0	0	42185	0	0	0	0	0	0	0	0	0	0	0	0	10920	0	0	false	false	0	0	0	0	false	0	false	0	false	0	false	0
805311286	0	0	1	26370	0	0	0	0	0	0	0	0	0	0	0	0	0	0	26367	0	0	0	0	0	0	0	0	0	0	0	0	0	0	0	0	0	0	0	0	0	0	0	0	0	0	0	0	0	0	0	0	0	0	0	0	1	10920	0	0	false	false	0	0	0	0	false	0	false	0	false	0	false	0
805311887	0	0	1	53152	0	0	0	0	53158	0	0	0	0	53164	0	0	0	0	53170	0	0	0	0	53176	0	0	0	0	53182	0	0	0	0	53188	0	0	0	0	53194	0	0	0	0	53200	0	0	0	0	0	0	0	0	0	0	0	2	10920	0	0	false	true	0	0	0	0	false	0	false	0	false	0	false	0
805311888	0	0	1	53153	0	0	0	0	53159	0	0	0	0	53165	0	0	0	0	53171	0	0	0	0	53177	0	0	0	0	53183	0	0	0	0	53189	0	0	0	0	53195	0	0	0	0	53201	0	0	0	0	0	0	0	0	0	0	0	2	10920	0	0	false	true	0	0	0	0	false	0	false	0	false	0	false	0
805311889	0	0	1	53154	0	0	0	0	53160	0	0	0	0	53166	0	0	0	0	53172	0	0	0	0	53178	0	0	0	0	53184	0	0	0	0	53190	0	0	0	0	53196	0	0	0	0	53202	0	0	0	0	0	0	0	0	0	0	0	2	10920	0	0	false	true	0	0	0	0	false	0	false	0	false	0	false	0
805311890	0	0	1	53155	0	0	0	0	53161	0	0	0	0	53167	0	0	0	0	53173	0	0	0	0	53179	0	0	0	0	53185	0	0	0	0	53191	0	0	0	0	53197	0	0	0	0	53203	0	0	0	0	0	0	0	0	0	0	0	2	10920	0	0	false	true	0	0	0	0	false	0	false	0	false	0	false	0
805311891	0	0	1	53156	0	0	0	0	53162	0	0	0	0	53168	0	0	0	0	53174	0	0	0	0	53180	0	0	0	0	53186	0	0	0	0	53192	0	0	0	0	53198	0	0	0	0	53204	0	0	0	0	0	0	0	0	0	0	0	2	10920	0	0	false	true	0	0	0	0	false	0	false	0	false	0	false	0
805311892	0	0	1	53157	0	0	0	0	53163	0	0	0	0	53169	0	0	0	0	53175	0	0	0	0	53181	0	0	0	0	53187	0	0	0	0	53193	0	0	0	0	53199	0	0	0	0	53205	0	0	0	0	0	0	0	0	0	0	0	2	10920	0	0	false	true	0	0	0	0	false	0	false	0	false	0	false	0
805311302	0	0	1	53314	0	0	0	0	53316	0	0	0	0	53322	0	0	0	0	53318	0	0	0	0	53315	0	0	0	0	53319	0	0	0	0	53317	0	0	0	0	53320	0	0	0	0	53321	0	0	0	0	0	0	0	0	0	0	0	1	10920	0	0	false	true	0	0	0	0	false	0	false	0	false	0	false	0
805311335	7	0	1	0	0	53792	0	0	0	0	53792	0	0	0	0	53792	0	0	0	0	53792	0	0	0	0	53792	0	0	0	0	53792	0	0	0	0	53792	0	0	0	0	53792	0	0	0	0	53792	0	0	0	0	53792	0	0	0	0	0	10920	0	0	false	false	0	0	0	0	false	0	false	0	false	0	false	0
805311336	6	0	1	53791	0	0	0	0	53791	0	0	0	0	53791	0	0	0	0	53791	0	0	0	0	53791	0	0	0	0	53791	0	0	0	0	53791	0	0	0	0	53791	0	0	0	0	53791	0	0	0	0	53791	0	0	0	0	0	0	0	10920	0	0	false	false	0	0	0	0	false	0	false	0	false	0	false	0
805311337	5	0	1	0	0	0	0	0	0	0	0	0	0	0	0	0	0	0	0	0	0	0	0	0	0	0	0	0	0	0	0	0	0	0	0	0	0	0	0	0	0	0	0	0	0	0	0	0	0	0	0	0	0	0	0	0	10920	0	0	false	false	0	0	0	0	false	0	false	0	false	0	false	0
805311338	0	0	1	53827	0	0	0	0	53828	0	0	0	0	53838	0	0	0	0	53829	0	0	0	0	53830	0	0	0	0	53831	0	0	0	0	53834	0	0	0	0	53833	0	0	0	0	53832	0	0	0	0	0	0	0	0	0	0	0	1	10920	0	0	false	true	0	0	0	0	false	0	false	0	false	0	false	0
805311339	9	0	1	53788	53790	53789	0	0	53788	53790	53789	0	0	53788	53790	53789	0	0	53788	53790	53789	0	0	53788	53790	53789	0	0	53788	53790	53789	0	0	53788	53790	53789	0	0	53788	53790	53789	0	0	53788	53790	53789	0	0	53788	53790	53789	0	0	0	0	0	10920	0	0	false	false	0	0	0	0	false	0	false	0	false	0	false	0
805311340	12	0	1	53826	53825	53824	0	0	53826	53825	53824	0	0	53826	53825	53824	0	0	53826	53825	53824	0	0	53826	53825	53824	0	0	53826	53825	53824	0	0	53826	53825	53824	0	0	53826	53825	53824	0	0	53826	53825	53824	0	0	53826	53825	53824	0	0	0	0	0	10920	0	0	false	false	0	0	0	0	false	0	false	0	false	0	false	0
805311344	0	0	1	53872	0	0	0	0	53873	0	0	0	0	53874	0	0	0	0	53875	0	0	0	0	53876	0	0	0	0	53877	0	0	0	0	53878	0	0	0	0	53879	0	0	0	0	53880	0	0	0	0	0	0	0	0	0	0	0	2	10920	0	0	false	false	0	0	0	0	false	0	false	0	false	0	false	0
805311345	10	0	1	53881	53883	53882	0	0	53881	53883	53882	0	0	53881	53883	53882	0	0	53881	53883	53882	0	0	53881	53883	53882	0	0	53881	53883	53882	0	0	53881	53883	53882	0	0	53881	53883	53882	0	0	53881	53883	53882	0	0	53881	53883	53882	0	0	0	0	0	10920	0	0	false	false	0	0	0	0	false	0	false	0	false	0	false	0
805311348	0	0	1	38115	0	0	0	0	38108	0	0	0	0	38114	0	0	0	0	38110	0	0	0	0	38107	0	0	0	0	38111	0	0	0	0	38109	0	0	0	0	38112	0	0	0	0	38508	0	0	0	0	0	0	0	0	0	0	0	0	10920	0	0	false	true	0	0	0	0	false	0	false	0	false	0	false	0
805311349	12	0	1	38417	38416	38415	0	0	38417	38416	38415	0	0	38417	38416	38415	0	0	38417	38416	38415	0	0	38417	38416	38415	0	0	38417	38416	38415	0	0	38417	38416	38415	0	0	38417	38416	38415	0	0	38417	38416	38415	0	0	38417	38416	38415	0	0	0	0	0	10920	0	0	false	false	0	0	0	0	false	0	false	0	false	0	false	0
805311353	10	0	1	53979	53978	53977	0	0	53979	53978	53977	0	0	53979	53978	53977	0	0	53979	53978	53977	0	0	53979	53978	53977	0	0	53979	53978	53977	0	0	53979	53978	53977	0	0	53979	53978	53977	0	0	53979	53978	53977	0	0	53979	53978	53977	0	0	0	0	0	10920	0	0	false	false	0	0	0	0	false	0	false	0	false	0	false	0
805311354	11	0	1	0	0	0	0	53983	0	0	0	0	53983	0	0	0	0	53983	0	0	0	0	53983	0	0	0	0	53983	0	0	0	0	53983	0	0	0	0	53983	0	0	0	0	53983	0	0	0	0	53983	0	0	0	0	53983	0	0	0	10920	0	0	false	false	0	0	0	0	false	0	false	0	false	0	false	0
805311361	12	0	1	35992	35991	35990	0	0	35992	35991	35990	0	0	35992	35991	35990	0	0	35992	35991	35990	0	0	35992	35991	35990	0	0	35992	35991	35990	0	0	35992	35991	35990	0	0	35992	35991	35990	0	0	35992	35991	35990	0	0	35992	35991	35990	0	0	0	0	0	10920	0	0	false	false	0	0	0	0	false	0	false	0	false	0	false	0
805311366	0	0	1	43060	0	0	0	0	43053	0	0	0	0	43059	0	0	0	0	43055	0	0	0	0	43052	0	0	0	0	43056	0	0	0	0	43054	0	0	0	0	43057	0	0	0	0	43058	0	0	0	0	0	0	0	0	0	0	0	0	10920	0	0	false	true	0	0	0	0	false	0	false	0	false	0	false	0
805311367	12	0	1	42795	42796	42797	0	0	42795	42796	42797	0	0	42795	42796	42797	0	0	42795	42796	42797	0	0	42795	42796	42797	0	0	42795	42796	42797	0	0	42795	42796	42797	0	0	42795	42796	42797	0	0	42795	42796	42797	0	0	42795	42796	42797	0	0	0	0	0	10920	0	0	false	false	0	0	0	0	false	0	false	0	false	0	false	0
805311409	0	0	1	54293	0	0	0	0	54294	0	0	0	0	54295	0	0	0	0	54296	0	0	0	0	54297	0	0	0	0	54298	0	0	0	0	54299	0	0	0	0	54300	0	0	0	0	54301	0	0	0	0	0	0	0	0	0	0	0	0	10920	0	0	false	true	0	0	0	0	false	0	false	0	false	0	false	0
805311410	9	0	1	54302	49343	49342	0	0	54302	49343	49342	0	0	54302	49343	49342	0	0	54302	49343	49342	0	0	54302	49343	49342	0	0	54302	49343	49342	0	0	54302	49343	49342	0	0	54302	49343	49342	0	0	54302	49343	49342	0	0	54302	49343	49342	0	0	0	0	0	10920	0	0	false	false	0	0	0	0	false	0	false	0	false	0	false	0
805311432	0	0	1	54751	0	0	0	0	54753	0	0	0	0	54752	0	0	0	0	54754	0	0	0	0	54755	0	0	0	0	54756	0	0	0	0	54757	0	0	0	0	54758	0	0	0	0	54759	0	0	0	0	0	0	0	0	0	0	0	1	10920	0	0	false	true	0	0	0	0	false	0	false	0	false	0	false	0
805311368	0	0	1	54037	22104	22080	0	0	54034	22105	22081	0	0	54033	22106	22082	0	0	54030	22107	22083	0	0	54035	22108	22084	0	0	54029	22109	22085	0	0	54036	27631	27632	0	0	54032	33095	33096	0	0	54031	38465	38464	0	0	0	0	0	0	0	0	0	0	10920	0	0	true	true	0	0	0	0	false	0	false	0	false	0	false	0
805311524	9	0	1	56027	56028	56029	0	0	56027	56028	56029	0	0	56027	56028	56029	0	0	56027	56028	56029	0	0	56027	56028	56029	0	0	56027	56028	56029	0	0	56027	56028	56029	0	0	56027	56028	56029	0	0	56027	56028	56029	0	0	56027	56028	56029	0	0	0	0	0	10920	0	0	false	false	0	0	0	0	false	0	false	0	false	0	false	0
805311525	10	0	1	56030	56031	56032	0	0	56030	56031	56032	0	0	56030	56031	56032	0	0	56030	56031	56032	0	0	56030	56031	56032	0	0	56030	56031	56032	0	0	56030	56031	56032	0	0	56030	56031	56032	0	0	56030	56031	56032	0	0	56030	56031	56032	0	0	0	0	0	10920	0	0	false	false	0	0	0	0	false	0	false	0	false	0	false	0
805311526	11	0	1	0	0	0	0	56033	0	0	0	0	56033	0	0	0	0	56033	0	0	0	0	56033	0	0	0	0	56033	0	0	0	0	56033	0	0	0	0	56033	0	0	0	0	56033	0	0	0	0	56033	0	0	0	0	56033	0	0	0	10920	0	0	false	false	0	0	0	0	false	0	false	0	false	0	false	0
805311544	0	0	1	56378	0	0	0	0	0	0	0	0	0	0	0	0	0	0	56376	0	0	0	0	0	0	0	0	0	0	0	0	0	0	56377	0	0	0	0	0	0	0	0	0	0	0	0	0	0	0	0	0	0	0	0	0	2	10920	0	0	false	true	0	0	0	0	false	0	false	0	false	0	false	0
805311545	0	0	1	0	0	0	0	0	56375	0	0	0	0	56370	0	0	0	0	0	0	0	0	0	56371	0	0	0	0	56372	0	0	0	0	0	0	0	0	0	56374	0	0	0	0	56373	0	0	0	0	0	0	0	0	0	0	0	2	10920	0	0	false	true	0	0	0	0	false	0	false	0	false	0	false	0
805311546	12	0	1	56282	56284	56283	0	0	56282	56284	56283	0	0	56282	56284	56283	0	0	56282	56284	56283	0	0	56282	56284	56283	0	0	56282	56284	56283	0	0	56282	56284	56283	0	0	56282	56284	56283	0	0	56282	56284	56283	0	0	56282	56284	56283	0	0	0	0	0	10920	0	0	false	false	0	0	0	0	false	0	false	0	false	0	false	0
805311575	0	0	1	56862	0	0	0	0	56863	0	0	0	0	56864	0	0	0	0	56865	0	0	0	0	56866	0	0	0	0	56867	0	0	0	0	56868	0	0	0	0	56869	0	0	0	0	56870	0	0	0	0	0	0	0	0	0	0	0	1	10920	0	0	false	false	0	0	0	0	false	0	false	0	false	0	false	0
805311588	9	0	1	47684	7505	7504	0	0	47685	7496	7495	0	0	47686	7502	7501	0	0	47687	7499	7498	0	0	47688	7493	7492	0	0	47689	18837	18836	0	0	47690	25438	25439	0	0	47691	32377	32378	0	0	47692	39110	39109	0	0	0	0	0	0	0	0	0	0	10920	0	0	false	false	0	0	0	0	false	0	false	0	false	0	false	0
805311589	9	0	1	56996	7505	7504	0	0	56989	7496	7495	0	0	56995	7502	7501	0	0	56991	7499	7498	0	0	56988	7493	7492	0	0	56992	18837	18836	0	0	56990	25438	25439	0	0	56993	32377	32378	0	0	56994	39110	39109	0	0	0	0	0	0	0	0	0	0	10920	0	0	false	false	0	0	0	0	false	0	false	0	false	0	false	0
805311590	9	0	1	56978	7505	7504	0	0	56971	7496	7495	0	0	56977	7502	7501	0	0	56973	7499	7498	0	0	56970	7493	7492	0	0	56974	18837	18836	0	0	56972	25438	25439	0	0	56975	32377	32378	0	0	56976	39110	39109	0	0	0	0	0	0	0	0	0	0	10920	0	0	false	false	0	0	0	0	false	0	false	0	false	0	false	0
805311591	9	0	1	56987	7505	7504	0	0	56980	7496	7495	0	0	56986	7502	7501	0	0	56982	7499	7498	0	0	56979	7493	7492	0	0	56983	18837	18836	0	0	56981	25438	25439	0	0	56984	32377	32378	0	0	56985	39110	39109	0	0	0	0	0	0	0	0	0	0	10920	0	0	false	false	0	0	0	0	false	0	false	0	false	0	false	0
805311592	9	0	1	56969	7505	7504	0	0	56962	7496	7495	0	0	56968	7502	7501	0	0	56964	7499	7498	0	0	56961	7493	7492	0	0	56965	18837	18836	0	0	56963	25438	25439	0	0	56966	32377	32378	0	0	56967	39110	39109	0	0	0	0	0	0	0	0	0	0	10920	0	0	false	false	0	0	0	0	false	0	false	0	false	0	false	0
805311593	9	0	1	34759	7505	7504	0	0	34760	7496	7495	0	0	34761	7502	7501	0	0	34762	7499	7498	0	0	34763	7493	7492	0	0	34782	18837	18836	0	0	34764	25438	25439	0	0	34765	32377	32378	0	0	57071	39110	39109	0	0	0	0	0	0	0	0	0	0	10920	0	0	false	false	0	0	0	0	false	0	false	0	false	0	false	0
805311595	9	0	0	57315	0	0	0	0	57315	0	0	0	0	57315	0	0	0	0	57315	0	0	0	0	57315	0	0	0	0	57315	0	0	0	0	57315	0	0	0	0	57315	0	0	0	0	57315	0	0	0	0	57315	0	0	0	0	0	0	0	10920	0	0	false	false	0	0	0	0	false	0	false	0	false	0	false	0
805311596	7	0	0	0	0	57324	0	0	0	0	57324	0	0	0	0	57324	0	0	0	0	57324	0	0	0	0	57324	0	0	0	0	57324	0	0	0	0	57324	0	0	0	0	57324	0	0	0	0	57324	0	0	0	0	57324	0	0	0	0	0	10920	0	0	false	false	0	0	0	0	false	0	false	0	false	0	false	0
805311597	5	0	0	0	0	0	0	0	0	0	0	0	0	0	0	0	0	0	0	0	0	0	0	0	0	0	0	0	0	0	0	0	0	0	0	0	0	0	0	0	0	0	0	0	0	0	0	0	0	0	0	0	0	0	0	0	10920	0	0	false	false	0	0	0	0	false	0	false	0	false	0	false	0
805311598	6	0	0	57323	0	0	0	0	57323	0	0	0	0	57323	0	0	0	0	57323	0	0	0	0	57323	0	0	0	0	57323	0	0	0	0	57323	0	0	0	0	57323	0	0	0	0	57323	0	0	0	0	57323	0	0	0	0	0	0	0	10920	0	0	false	false	0	0	0	0	false	0	false	0	false	0	false	0
805311599	10	0	1	20318	20320	20321	0	0	20318	20320	20321	0	0	20318	20320	20321	0	0	20318	20320	20321	0	0	20318	20320	20321	0	0	20318	20320	20321	0	0	20318	20320	20321	0	0	20318	20320	20321	0	0	20318	20320	20321	0	0	20318	20320	20321	0	0	0	0	0	10920	0	0	false	false	0	0	0	0	false	0	false	0	false	0	false	0
805311600	10	0	1	20319	20320	20321	0	0	20319	20320	20321	0	0	20319	20320	20321	0	0	20319	20320	20321	0	0	20319	20320	20321	0	0	20319	20320	20321	0	0	20319	20320	20321	0	0	20319	20320	20321	0	0	20319	20320	20321	0	0	20319	20320	20321	0	0	0	0	0	10920	0	0	false	false	0	0	0	0	false	0	false	0	false	0	false	0
805311601	10	0	1	20298	20320	20321	0	0	20298	20320	20321	0	0	20298	20320	20321	0	0	20298	20320	20321	0	0	20298	20320	20321	0	0	20298	20320	20321	0	0	20298	20320	20321	0	0	20298	20320	20321	0	0	20298	20320	20321	0	0	20298	20320	20321	0	0	0	0	0	10920	0	0	false	false	0	0	0	0	false	0	false	0	false	0	false	0
805311602	0	0	1	57553	0	0	0	0	57546	0	0	0	0	57552	0	0	0	0	57548	0	0	0	0	57545	0	0	0	0	57549	0	0	0	0	57547	0	0	0	0	57550	0	0	0	0	57551	0	0	0	0	0	0	0	0	0	0	0	2	10920	0	0	false	true	0	0	0	0	false	0	false	0	false	0	false	0
805311603	12	0	1	57556	57555	57554	0	0	57556	57555	57554	0	0	57556	57555	57554	0	0	57556	57555	57554	0	0	57556	57555	57554	0	0	57556	57555	57554	0	0	57556	57555	57554	0	0	57556	57555	57554	0	0	57556	57555	57554	0	0	57556	57555	57554	0	0	0	0	0	10920	0	0	false	false	0	0	0	0	false	0	false	0	false	0	false	0
805311604	9	0	1	0	0	0	0	0	0	0	0	0	0	0	0	0	0	0	0	0	0	0	0	0	0	0	0	0	0	0	0	0	0	0	0	0	0	0	0	0	0	0	0	0	0	0	0	0	0	0	0	0	0	0	0	0	0	0	0	false	false	0	0	0	0	false	0	false	0	false	0	false	0
805311605	10	0	1	0	0	0	0	0	0	0	0	0	0	0	0	0	0	0	0	0	0	0	0	0	0	0	0	0	0	0	0	0	0	0	0	0	0	0	0	0	0	0	0	0	0	0	0	0	0	0	0	0	0	0	0	0	0	0	0	false	false	0	0	0	0	false	0	false	0	false	0	false	0
805311606	11	0	1	0	0	0	0	0	0	0	0	0	0	0	0	0	0	0	0	0	0	0	0	0	0	0	0	0	0	0	0	0	0	0	0	0	0	0	0	0	0	0	0	0	0	0	0	0	0	0	0	0	0	0	0	0	0	0	0	false	false	0	0	0	0	false	0	false	0	false	0	false	0
805311607	7	0	1	0	0	0	0	0	0	0	0	0	0	0	0	0	0	0	0	0	0	0	0	0	0	0	0	0	0	0	0	0	0	0	0	0	0	0	0	0	0	0	0	0	0	0	0	0	0	0	0	0	0	0	0	0	0	0	0	false	false	0	0	0	0	false	0	false	0	false	0	false	0
805311608	5	0	1	0	0	0	0	0	0	0	0	0	0	0	0	0	0	0	0	0	0	0	0	0	0	0	0	0	0	0	0	0	0	0	0	0	0	0	0	0	0	0	0	0	0	0	0	0	0	0	0	0	0	0	0	0	0	0	0	false	false	0	0	0	0	false	0	false	0	false	0	false	0
805311609	6	0	1	0	0	0	0	0	0	0	0	0	0	0	0	0	0	0	0	0	0	0	0	0	0	0	0	0	0	0	0	0	0	0	0	0	0	0	0	0	0	0	0	0	0	0	0	0	0	0	0	0	0	0	0	0	0	0	0	false	false	0	0	0	0	false	0	false	0	false	0	false	0
805311610	12	0	1	0	0	0	0	0	0	0	0	0	0	0	0	0	0	0	0	0	0	0	0	0	0	0	0	0	0	0	0	0	0	0	0	0	0	0	0	0	0	0	0	0	0	0	0	0	0	0	0	0	0	0	0	0	0	0	0	false	false	0	0	0	0	false	0	false	0	false	0	false	0
805311620	9	0	1	57989	57991	57990	0	0	57989	57991	57990	0	0	57989	57991	57990	0	0	57989	57991	57990	0	0	57989	57991	57990	0	0	57989	57991	57990	0	0	57989	57991	57990	0	0	57989	57991	57990	0	0	57989	57991	57990	0	0	57989	57991	57990	0	0	0	0	0	10920	0	0	false	false	0	0	0	0	false	0	false	0	false	0	false	0
805311621	10	0	1	57993	57995	57994	0	0	57993	57995	57994	0	0	57993	57995	57994	0	0	57993	57995	57994	0	0	57993	57995	57994	0	0	57993	57995	57994	0	0	57993	57995	57994	0	0	57993	57995	57994	0	0	57993	57995	57994	0	0	57993	57995	57994	0	0	0	0	0	10920	0	0	false	false	0	0	0	0	false	0	false	0	false	0	false	0
805311622	11	0	1	0	0	0	0	57992	0	0	0	0	57992	0	0	0	0	57992	0	0	0	0	57992	0	0	0	0	57992	0	0	0	0	57992	0	0	0	0	57992	0	0	0	0	57992	0	0	0	0	57992	0	0	0	0	57992	0	0	0	10920	0	0	false	false	0	0	0	0	false	0	false	0	false	0	false	0
805311623	0	0	1	57996	0	0	0	0	57997	0	0	0	0	57998	0	0	0	0	57999	0	0	0	0	58000	0	0	0	0	58001	0	0	0	0	58002	0	0	0	0	58003	0	0	0	0	58004	0	0	0	0	0	0	0	0	0	0	0	2	10920	0	0	false	true	0	0	0	0	false	0	false	0	false	0	false	0
805311633	9	0	0	54978	21777	21778	0	0	54978	21777	21778	0	0	54978	21777	21778	0	0	54978	21777	21778	0	0	54978	21777	21778	0	0	54978	21777	21778	0	0	54978	21777	21778	0	0	54978	21777	21778	0	0	54978	21777	21778	0	0	54978	21777	21778	0	0	0	0	0	10920	0	0	false	false	0	0	0	0	false	0	false	0	false	0	false	0
805311812	7	0	1	0	0	58054	0	0	0	0	58054	0	0	0	0	58054	0	0	0	0	58054	0	0	0	0	58054	0	0	0	0	58054	0	0	0	0	58054	0	0	0	0	58054	0	0	0	0	58054	0	0	0	0	58054	0	0	0	0	0	0	0	0	false	false	0	0	0	0	false	0	false	0	false	0	false	0
805311813	7	0	1	0	0	58055	0	0	0	0	58055	0	0	0	0	58055	0	0	0	0	58055	0	0	0	0	58055	0	0	0	0	58055	0	0	0	0	58055	0	0	0	0	58055	0	0	0	0	58055	0	0	0	0	58055	0	0	0	0	0	0	0	0	false	false	0	0	0	0	false	0	false	0	false	0	false	0
805311814	7	0	1	0	0	58056	0	0	0	0	58056	0	0	0	0	58056	0	0	0	0	58056	0	0	0	0	58056	0	0	0	0	58056	0	0	0	0	58056	0	0	0	0	58056	0	0	0	0	58056	0	0	0	0	58056	0	0	0	0	0	0	0	0	false	false	0	0	0	0	false	0	false	0	false	0	false	0
805311895	12	0	1	57412	57413	57414	0	0	57412	57413	57414	0	0	57412	57413	57414	0	0	57412	57413	57414	0	0	57412	57413	57414	0	0	57412	57413	57414	0	0	57412	57413	57414	0	0	57412	57413	57414	0	0	57412	57413	57414	0	0	57412	57413	57414	0	0	0	0	0	10920	0	0	false	false	0	0	0	0	false	0	false	0	false	0	false	0
805311896	0	0	1	57382	57383	57384	0	0	57385	57386	57387	0	0	57388	57389	57390	0	0	57391	57392	57393	0	0	57394	57395	57396	0	0	57397	57398	57399	0	0	57400	57401	57402	0	0	57403	57404	57405	0	0	57406	57407	57408	0	0	0	0	0	0	0	0	0	0	10920	0	0	true	false	0	0	0	0	false	0	false	0	false	0	false	0
805311897	9	0	1	57409	57410	57411	0	0	57409	57410	57411	0	0	57409	57410	57411	0	0	57409	57410	57411	0	0	57409	57410	57411	0	0	57409	57410	57411	0	0	57409	57410	57411	0	0	57409	57410	57411	0	0	57409	57410	57411	0	0	57409	57410	57411	0	0	0	0	0	10920	0	0	false	false	0	0	0	0	false	0	false	0	true	0	false	0
805311915	0	0	1	42883	42884	42885	0	0	42862	42863	42864	0	0	42880	42881	42882	0	0	42868	42869	42870	0	0	42859	42860	42861	0	0	42871	42872	42873	0	0	42865	42866	42867	0	0	42874	42875	42876	0	0	42877	42878	42879	0	0	0	0	0	0	0	0	0	1	10920	0	0	true	true	0	0	0	0	false	0	false	0	false	0	false	0
805311916	0	0	1	42910	42911	42912	0	0	42889	42890	42891	0	0	42907	42908	42909	0	0	42895	42896	42897	0	0	42886	42887	42888	0	0	42898	42899	42900	0	0	42892	42893	42894	0	0	42901	42902	42903	0	0	42904	42905	42906	0	0	0	0	0	0	0	0	0	1	10920	0	0	true	true	0	0	0	0	false	0	false	0	false	0	false	0
805312115	9	0	1	0	0	0	0	0	0	0	0	0	0	0	0	0	0	0	0	0	0	0	0	0	0	0	0	0	0	0	0	0	0	0	0	0	0	0	0	0	0	0	0	0	0	0	0	0	0	0	0	0	0	0	0	0	0	0	0	false	false	0	0	0	0	false	0	false	0	false	0	false	0
805312116	10	0	1	0	0	0	0	0	0	0	0	0	0	0	0	0	0	0	0	0	0	0	0	0	0	0	0	0	0	0	0	0	0	0	0	0	0	0	0	0	0	0	0	0	0	0	0	0	0	0	0	0	0	0	0	0	0	0	0	false	false	0	0	0	0	false	0	false	0	false	0	false	0
805312117	11	0	1	0	0	0	0	0	0	0	0	0	0	0	0	0	0	0	0	0	0	0	0	0	0	0	0	0	0	0	0	0	0	0	0	0	0	0	0	0	0	0	0	0	0	0	0	0	0	0	0	0	0	0	0	0	0	0	0	false	false	0	0	0	0	false	0	false	0	false	0	false	0
805312118	7	0	1	0	0	0	0	0	0	0	0	0	0	0	0	0	0	0	0	0	0	0	0	0	0	0	0	0	0	0	0	0	0	0	0	0	0	0	0	0	0	0	0	0	0	0	0	0	0	0	0	0	0	0	0	0	0	0	0	false	false	0	0	0	0	false	0	false	0	false	0	false	0
805312119	5	0	1	0	0	0	0	0	0	0	0	0	0	0	0	0	0	0	0	0	0	0	0	0	0	0	0	0	0	0	0	0	0	0	0	0	0	0	0	0	0	0	0	0	0	0	0	0	0	0	0	0	0	0	0	0	0	0	0	false	false	0	0	0	0	false	0	false	0	false	0	false	0
805312120	6	0	1	0	0	0	0	0	0	0	0	0	0	0	0	0	0	0	0	0	0	0	0	0	0	0	0	0	0	0	0	0	0	0	0	0	0	0	0	0	0	0	0	0	0	0	0	0	0	0	0	0	0	0	0	0	0	0	0	false	false	0	0	0	0	false	0	false	0	false	0	false	0
805312174	0	0	1	61043	0	0	0	0	0	0	0	0	0	0	0	0	0	0	0	0	0	0	0	0	0	0	0	0	0	0	0	0	0	0	0	0	0	0	0	0	0	0	0	0	0	0	0	0	0	0	0	0	0	0	0	2	10920	0	0	false	true	0	0	0	0	false	0	false	0	false	0	false	0
805312175	0	0	1	0	0	0	0	0	61045	0	0	0	0	0	0	0	0	0	0	0	0	0	0	0	0	0	0	0	0	0	0	0	0	0	0	0	0	0	0	0	0	0	0	0	0	0	0	0	0	0	0	0	0	0	0	2	10920	0	0	false	true	0	0	0	0	false	0	false	0	false	0	false	0
805312176	0	0	1	0	0	0	0	0	0	0	0	0	0	61047	0	0	0	0	0	0	0	0	0	0	0	0	0	0	0	0	0	0	0	0	0	0	0	0	0	0	0	0	0	0	0	0	0	0	0	0	0	0	0	0	0	2	10920	0	0	false	true	0	0	0	0	false	0	false	0	false	0	false	0
805312177	0	0	1	0	0	0	0	0	0	0	0	0	0	0	0	0	0	0	61049	0	0	0	0	0	0	0	0	0	0	0	0	0	0	0	0	0	0	0	0	0	0	0	0	0	0	0	0	0	0	0	0	0	0	0	0	2	10920	0	0	false	true	0	0	0	0	false	0	false	0	false	0	false	0
805312178	0	0	1	0	0	0	0	0	0	0	0	0	0	0	0	0	0	0	0	0	0	0	0	61051	0	0	0	0	0	0	0	0	0	0	0	0	0	0	0	0	0	0	0	0	0	0	0	0	0	0	0	0	0	0	0	2	10920	0	0	false	true	0	0	0	0	false	0	false	0	false	0	false	0
805312179	0	0	1	0	0	0	0	0	0	0	0	0	0	0	0	0	0	0	0	0	0	0	0	0	0	0	0	0	61053	0	0	0	0	0	0	0	0	0	0	0	0	0	0	0	0	0	0	0	0	0	0	0	0	0	0	2	10920	0	0	false	true	0	0	0	0	false	0	false	0	false	0	false	0
805312180	0	0	1	0	0	0	0	0	0	0	0	0	0	0	0	0	0	0	0	0	0	0	0	0	0	0	0	0	0	0	0	0	0	61069	0	0	0	0	0	0	0	0	0	0	0	0	0	0	0	0	0	0	0	0	0	2	10920	0	0	false	true	0	0	0	0	false	0	false	0	false	0	false	0
805312181	0	0	1	0	0	0	0	0	0	0	0	0	0	0	0	0	0	0	0	0	0	0	0	0	0	0	0	0	0	0	0	0	0	0	0	0	0	0	61057	0	0	0	0	0	0	0	0	0	0	0	0	0	0	0	0	2	10920	0	0	false	true	0	0	0	0	false	0	false	0	false	0	false	0
805312182	0	0	1	0	0	0	0	0	0	0	0	0	0	0	0	0	0	0	0	0	0	0	0	0	0	0	0	0	0	0	0	0	0	0	0	0	0	0	0	0	0	0	0	61059	0	0	0	0	0	0	0	0	0	0	0	2	10920	0	0	false	true	0	0	0	0	false	0	false	0	false	0	false	0
805312183	1	0	1	61042	0	0	0	0	0	0	0	0	0	0	0	0	0	0	0	0	0	0	0	0	0	0	0	0	0	0	0	0	0	0	0	0	0	0	0	0	0	0	0	0	0	0	0	0	0	0	0	0	0	0	0	0	10920	0	0	false	true	2	3	4	0	false	0	false	0	false	0	false	0
805312184	1	0	1	0	0	0	0	0	61044	0	0	0	0	0	0	0	0	0	0	0	0	0	0	0	0	0	0	0	0	0	0	0	0	0	0	0	0	0	0	0	0	0	0	0	0	0	0	0	0	0	0	0	0	0	0	0	10920	0	0	false	true	2	3	4	0	false	0	false	0	false	0	false	0
805312185	1	0	1	0	0	0	0	0	0	0	0	0	0	61046	0	0	0	0	0	0	0	0	0	0	0	0	0	0	0	0	0	0	0	0	0	0	0	0	0	0	0	0	0	0	0	0	0	0	0	0	0	0	0	0	0	0	10920	0	0	false	true	2	3	4	0	false	0	false	0	false	0	false	0
805312186	1	0	1	0	0	0	0	0	0	0	0	0	0	0	0	0	0	0	61048	0	0	0	0	0	0	0	0	0	0	0	0	0	0	0	0	0	0	0	0	0	0	0	0	0	0	0	0	0	0	0	0	0	0	0	0	0	10920	0	0	false	true	2	3	4	0	false	0	false	0	false	0	false	0
805312187	1	0	1	0	0	0	0	0	0	0	0	0	0	0	0	0	0	0	0	0	0	0	0	61050	0	0	0	0	0	0	0	0	0	0	0	0	0	0	0	0	0	0	0	0	0	0	0	0	0	0	0	0	0	0	0	0	10920	0	0	false	true	2	3	4	0	false	0	false	0	false	0	false	0
805312188	1	0	1	0	0	0	0	0	0	0	0	0	0	0	0	0	0	0	0	0	0	0	0	0	0	0	0	0	61052	0	0	0	0	0	0	0	0	0	0	0	0	0	0	0	0	0	0	0	0	0	0	0	0	0	0	0	10920	0	0	false	true	2	3	4	0	false	0	false	0	false	0	false	0
805312189	1	0	1	0	0	0	0	0	0	0	0	0	0	0	0	0	0	0	0	0	0	0	0	0	0	0	0	0	0	0	0	0	0	61054	0	0	0	0	0	0	0	0	0	0	0	0	0	0	0	0	0	0	0	0	0	0	10920	0	0	false	true	2	3	4	0	false	0	false	0	false	0	false	0
805312190	1	0	1	0	0	0	0	0	0	0	0	0	0	0	0	0	0	0	0	0	0	0	0	0	0	0	0	0	0	0	0	0	0	0	0	0	0	0	61056	0	0	0	0	0	0	0	0	0	0	0	0	0	0	0	0	0	10920	0	0	false	true	2	3	4	0	false	0	false	0	false	0	false	0
805312191	1	0	1	0	0	0	0	0	0	0	0	0	0	0	0	0	0	0	0	0	0	0	0	0	0	0	0	0	0	0	0	0	0	0	0	0	0	0	0	0	0	0	0	61058	0	0	0	0	0	0	0	0	0	0	0	0	10920	0	0	false	true	2	3	4	0	false	0	false	0	false	0	false	0
805312204	0	0	1	61647	0	0	0	0	61654	0	0	0	0	61648	0	0	0	0	61652	0	0	0	0	61655	0	0	0	0	61651	0	0	0	0	61653	0	0	0	0	61650	0	0	0	0	61649	0	0	0	0	0	0	0	0	0	0	0	2	10920	0	0	false	true	0	0	0	0	false	0	false	0	false	0	false	0
805312205	12	0	1	61656	20361	26044	0	0	61656	20361	26044	0	0	61656	20361	26044	0	0	61656	20361	26044	0	0	61656	20361	26044	0	0	61656	20361	26044	0	0	61656	20361	26044	0	0	61656	20361	26044	0	0	61656	20361	26044	0	0	61656	20361	26044	0	0	0	0	0	10920	0	0	false	false	0	0	0	0	false	0	false	0	false	0	false	0
805312206	12	0	1	61657	20361	28828	0	0	61657	20361	28828	0	0	61657	20361	28828	0	0	61657	20361	28828	0	0	61657	20361	28828	0	0	61657	20361	28828	0	0	61657	20361	28828	0	0	61657	20361	28828	0	0	61657	20361	28828	0	0	61657	20361	28828	0	0	0	0	0	10920	0	0	false	false	0	0	0	0	false	0	false	0	false	0	false	0
805312207	12	0	1	61658	20361	20362	0	0	61658	20361	20362	0	0	61658	20361	20362	0	0	61658	20361	20362	0	0	61658	20361	20362	0	0	61658	20361	20362	0	0	61658	20361	20362	0	0	61658	20361	20362	0	0	61658	20361	20362	0	0	61658	20361	20362	0	0	0	0	0	10920	0	0	false	false	0	0	0	0	false	0	false	0	false	0	false	0
805312265	12	0	1	61035	61036	61037	0	0	61035	61036	61037	0	0	61035	61036	61037	0	0	61035	61036	61037	0	0	61035	61036	61037	0	0	61035	61036	61037	0	0	61035	61036	61037	0	0	61035	61036	61037	0	0	61035	61036	61037	0	0	61035	61036	61037	0	0	0	0	0	10920	0	0	false	false	0	0	0	0	false	0	false	0	false	0	false	0
805312270	12	0	1	61339	61338	61337	0	0	61339	61338	61337	0	0	61339	61338	61337	0	0	61339	61338	61337	0	0	61339	61338	61337	0	0	61339	61338	61337	0	0	61339	61338	61337	0	0	61339	61338	61337	0	0	61339	61338	61337	0	0	61339	61338	61337	0	0	0	0	0	10920	0	0	false	false	0	0	0	0	false	0	false	0	false	0	false	0
805312271	12	0	1	61340	61338	61337	0	0	61340	61338	61337	0	0	61340	61338	61337	0	0	61340	61338	61337	0	0	61340	61338	61337	0	0	61340	61338	61337	0	0	61340	61338	61337	0	0	61340	61338	61337	0	0	61340	61338	61337	0	0	61340	61338	61337	0	0	0	0	0	10920	0	0	false	false	0	0	0	0	false	0	false	0	false	0	false	0
805312272	9	0	1	61020	0	0	0	0	61020	0	0	0	0	61020	0	0	0	0	61020	0	0	0	0	61020	0	0	0	0	61020	0	0	0	0	61020	0	0	0	0	61020	0	0	0	0	61020	0	0	0	0	61020	0	0	0	0	0	0	0	10920	0	0	false	false	0	0	0	0	false	0	false	0	false	0	false	0
805312273	9	0	1	61021	0	0	0	0	61021	0	0	0	0	61021	0	0	0	0	61021	0	0	0	0	61021	0	0	0	0	61021	0	0	0	0	61021	0	0	0	0	61021	0	0	0	0	61021	0	0	0	0	61021	0	0	0	0	0	0	0	10920	0	0	false	false	0	0	0	0	false	0	false	0	false	0	false	0
805312274	0	0	1	57047	0	0	0	0	57048	0	0	0	0	57049	0	0	0	0	57050	0	0	0	0	57051	0	0	0	0	57052	0	0	0	0	57053	0	0	0	0	57054	0	0	0	0	57055	0	0	0	0	0	0	0	0	0	0	0	1	10920	0	0	false	false	0	0	0	0	false	0	false	0	false	0	false	0
805312201	9	0	1	61632	61631	61630	0	0	61632	61631	61630	0	0	61632	61631	61630	0	0	61632	61631	61630	0	0	61632	61631	61630	0	0	61632	61631	61630	0	0	61632	61631	61630	0	0	61632	61631	61630	0	0	61632	61631	61630	0	0	61632	61631	61630	0	0	0	0	0	10920	0	0	false	false	0	0	0	0	false	0	false	0	false	0	false	0
805312202	10	0	1	61629	61628	61627	0	0	61629	61628	61627	0	0	61629	61628	61627	0	0	61629	61628	61627	0	0	61629	61628	61627	0	0	61629	61628	61627	0	0	61629	61628	61627	0	0	61629	61628	61627	0	0	61629	61628	61627	0	0	61629	61628	61627	0	0	0	0	0	10920	0	0	false	false	0	0	0	0	false	0	false	0	false	0	false	0
805312203	11	0	1	0	0	0	0	61633	0	0	0	0	61633	0	0	0	0	61633	0	0	0	0	61633	0	0	0	0	61633	0	0	0	0	61633	0	0	0	0	61633	0	0	0	0	61633	0	0	0	0	61633	0	0	0	0	61633	0	0	0	10920	0	0	false	false	0	0	0	0	false	0	false	0	false	0	false	0
805312278	9	0	1	62040	62041	62042	0	0	62040	62041	62042	0	0	62040	62041	62042	0	0	62040	62041	62042	0	0	62040	62041	62042	0	0	62040	62041	62042	0	0	62040	62041	62042	0	0	62040	62041	62042	0	0	62040	62041	62042	0	0	62040	62041	62042	0	0	0	0	0	10920	0	0	false	false	0	0	0	0	false	0	false	0	false	0	false	0
805312279	10	0	1	62043	62044	62045	0	0	62043	62044	62045	0	0	62043	62044	62045	0	0	62043	62044	62045	0	0	62043	62044	62045	0	0	62043	62044	62045	0	0	62043	62044	62045	0	0	62043	62044	62045	0	0	62043	62044	62045	0	0	62043	62044	62045	0	0	0	0	0	10920	0	0	false	false	0	0	0	0	false	0	false	0	false	0	false	0
805312280	11	0	1	0	0	0	0	62047	0	0	0	0	62047	0	0	0	0	62047	0	0	0	0	62047	0	0	0	0	62047	0	0	0	0	62047	0	0	0	0	62047	0	0	0	0	62047	0	0	0	0	62047	0	0	0	0	62047	0	0	0	10920	0	0	false	false	0	0	0	0	false	0	false	0	false	0	false	0
805312309	0	0	1	0	0	0	0	0	0	0	0	0	0	0	0	0	0	0	0	0	0	0	0	0	0	0	0	0	0	0	0	0	0	0	0	0	0	0	0	0	0	0	0	61059	0	0	0	0	0	0	0	0	0	0	0	2	10920	0	0	false	true	0	0	0	0	false	0	false	0	false	0	false	0
805312310	1	0	1	0	0	0	0	0	0	0	0	0	0	0	0	0	0	0	0	0	0	0	0	0	0	0	0	0	0	0	0	0	0	0	0	0	0	0	0	0	0	0	0	61058	0	0	0	0	0	0	0	0	0	0	0	0	10920	0	0	false	true	2	3	4	0	false	0	false	0	false	0	false	0
805312311	1	0	1	0	0	0	0	0	0	0	0	0	0	0	0	0	0	0	0	0	0	0	0	0	0	0	0	0	0	0	0	0	0	0	0	0	0	0	0	0	0	0	0	38449	0	0	0	0	0	0	0	0	0	0	0	0	10920	0	0	false	false	0	0	0	0	false	0	false	0	false	0	false	0
805312312	2	0	1	0	0	0	0	0	0	0	0	0	0	0	0	0	0	0	0	0	0	0	0	0	0	0	0	0	0	0	0	0	0	0	0	0	0	0	0	0	0	0	0	38453	0	0	0	0	0	0	0	0	0	0	0	0	10920	0	0	false	false	0	0	0	0	false	0	false	0	false	0	false	0
805312313	3	0	1	0	0	0	0	0	0	0	0	0	0	0	0	0	0	0	0	0	0	0	0	0	0	0	0	0	0	0	0	0	0	0	0	0	0	0	0	0	0	0	0	38451	0	0	0	0	0	0	0	0	0	0	0	0	10920	0	0	false	false	0	0	0	0	false	0	false	0	false	0	false	0
805312314	4	0	1	0	0	0	0	0	0	0	0	0	0	0	0	0	0	0	0	0	0	0	0	0	0	0	0	0	0	0	0	0	0	0	0	0	0	0	0	0	0	0	0	38450	0	0	0	0	0	0	0	0	0	0	0	0	10920	0	0	false	false	0	0	0	0	false	0	false	0	false	0	false	0
805312315	7	0	1	0	0	43409	0	0	0	0	43409	0	0	0	0	43409	0	0	0	0	43409	0	0	0	0	43409	0	0	0	0	43409	0	0	0	0	43409	0	0	0	0	43409	0	0	0	0	43409	0	0	0	0	43409	0	0	0	0	0	10920	0	0	false	false	0	0	0	0	false	0	false	0	false	0	false	0
805312316	5	0	1	0	0	0	0	0	0	0	0	0	0	0	0	0	0	0	0	0	0	0	0	0	0	0	0	0	0	0	0	0	0	0	0	0	0	0	0	0	0	0	0	0	0	0	0	0	0	0	0	0	0	0	0	0	10920	0	0	false	false	0	0	0	0	false	0	false	0	false	0	false	0
805312317	6	0	1	43406	43407	43408	0	0	43406	43407	43408	0	0	43406	43407	43408	0	0	43406	43407	43408	0	0	43406	43407	43408	0	0	43406	43407	43408	0	0	43406	43407	43408	0	0	43406	43407	43408	0	0	43406	43407	43408	0	0	43406	43407	43408	0	0	0	0	0	10920	0	0	false	false	0	0	0	0	false	0	false	0	false	0	false	0
805312318	9	0	1	61632	61631	61630	0	0	61632	61631	61630	0	0	61632	61631	61630	0	0	61632	61631	61630	0	0	61632	61631	61630	0	0	61632	61631	61630	0	0	61632	61631	61630	0	0	61632	61631	61630	0	0	61632	61631	61630	0	0	61632	61631	61630	0	0	0	0	0	10920	0	0	false	false	0	0	0	0	false	0	false	0	false	0	false	0
805312319	10	0	1	61629	61628	61627	0	0	61629	61628	61627	0	0	61629	61628	61627	0	0	61629	61628	61627	0	0	61629	61628	61627	0	0	61629	61628	61627	0	0	61629	61628	61627	0	0	61629	61628	61627	0	0	61629	61628	61627	0	0	61629	61628	61627	0	0	0	0	0	10920	0	0	false	false	0	0	0	0	false	0	false	0	false	0	false	0
805312320	11	0	1	0	0	0	0	61633	0	0	0	0	61633	0	0	0	0	61633	0	0	0	0	61633	0	0	0	0	61633	0	0	0	0	61633	0	0	0	0	61633	0	0	0	0	61633	0	0	0	0	61633	0	0	0	0	61633	0	0	0	10920	0	0	false	false	0	0	0	0	false	0	false	0	false	0	false	0
805312323	0	0	1	62508	0	0	0	0	62501	0	0	0	0	62507	0	0	0	0	62503	0	0	0	0	62500	0	0	0	0	62504	0	0	0	0	62502	0	0	0	0	62505	0	0	0	0	62506	45624	45623	0	0	0	0	0	0	0	0	0	0	10920	0	0	false	false	0	0	0	0	false	0	false	0	false	0	false	0
805312324	9	0	1	62509	0	0	0	0	62509	0	0	0	0	62509	0	0	0	0	62509	0	0	0	0	62509	0	0	0	0	62509	0	0	0	0	62509	0	0	0	0	62509	0	0	0	0	62509	0	0	0	0	62509	0	0	0	0	0	0	0	10920	0	0	false	false	0	0	0	0	false	0	false	0	false	0	false	0
805312325	5	0	1	0	0	0	0	0	0	0	0	0	0	0	0	0	0	0	0	0	0	0	0	0	0	0	0	0	0	0	0	0	0	0	0	0	0	0	0	0	0	0	0	0	0	0	0	0	0	0	0	0	0	0	0	0	10920	0	0	false	false	0	0	0	0	false	0	false	0	false	0	false	0
805312326	0	0	1	62499	0	0	0	0	62492	0	0	0	0	62498	0	0	0	0	62494	0	0	0	0	62491	0	0	0	0	62495	0	0	0	0	62493	0	0	0	0	62496	0	0	0	0	62497	0	0	0	0	64406	0	0	0	0	0	0	0	10920	0	0	false	true	0	0	0	0	false	0	false	0	false	0	false	0
805312327	7	0	1	0	0	48646	0	0	0	0	48646	0	0	0	0	48646	0	0	0	0	48646	0	0	0	0	48646	0	0	0	0	48646	0	0	0	0	48646	0	0	0	0	48646	0	0	0	0	48646	0	0	0	0	48646	0	0	0	0	0	10920	0	0	false	false	0	0	0	0	false	0	false	0	false	0	false	0
805312328	6	0	1	0	0	48648	0	0	0	0	48648	0	0	0	0	48648	0	0	0	0	48648	0	0	0	0	48648	0	0	0	0	48648	0	0	0	0	48648	0	0	0	0	48648	0	0	0	0	48648	0	0	0	0	48648	0	0	0	0	0	10920	0	0	false	false	0	0	0	0	false	0	false	0	false	0	false	0
805312329	5	0	1	0	0	0	0	0	0	0	0	0	0	0	0	0	0	0	0	0	0	0	0	0	0	0	0	0	0	0	0	0	0	0	0	0	0	0	0	0	0	0	0	0	0	0	0	0	0	0	0	0	0	0	0	0	10920	0	0	false	false	0	0	0	0	false	0	false	0	false	0	false	0
805312330	0	0	1	48669	48668	48667	0	0	48669	48668	48667	0	0	48669	48668	48667	0	0	48669	48668	48667	0	0	48669	48668	48667	0	0	48669	48668	48667	0	0	48669	48668	48667	0	0	48669	48668	48667	0	0	48669	48668	48667	0	0	48669	48668	48667	0	0	0	0	0	10920	0	0	true	false	0	0	0	0	false	0	false	0	false	0	false	0
805312334	9	0	1	62568	62569	62570	0	0	62568	62569	62570	0	0	62568	62569	62570	0	0	62568	62569	62570	0	0	62568	62569	62570	0	0	62568	62569	62570	0	0	62568	62569	62570	0	0	62568	62569	62570	0	0	62568	62569	62570	0	0	62568	62569	62570	0	0	0	0	0	10920	0	0	false	false	0	0	0	0	false	0	false	0	false	0	false	0
805312369	9	0	1	62265	33564	62266	0	0	62265	33564	62266	0	0	62265	33564	62266	0	0	62265	33564	62266	0	0	62265	33564	62266	0	0	62265	33564	62266	0	0	62265	33564	62266	0	0	62265	33564	62266	0	0	62265	33564	62266	0	0	62265	33564	62266	0	0	0	0	0	10920	0	0	false	false	0	0	0	0	false	0	false	0	false	0	false	0
805312370	10	0	1	62263	33567	62264	0	0	62263	33567	62264	0	0	62263	33567	62264	0	0	62263	33567	62264	0	0	62263	33567	62264	0	0	62263	33567	62264	0	0	62263	33567	62264	0	0	62263	33567	62264	0	0	62263	33567	62264	0	0	62263	33567	62264	0	0	0	0	0	10920	0	0	false	false	0	0	0	0	false	0	false	0	false	0	false	0
805312371	11	0	1	0	0	0	0	62262	0	0	0	0	62262	0	0	0	0	62262	0	0	0	0	62262	0	0	0	0	62262	0	0	0	0	62262	0	0	0	0	62262	0	0	0	0	62262	0	0	0	0	62262	0	0	0	0	62262	0	0	0	10920	0	0	false	false	0	0	0	0	false	0	false	0	false	0	false	0
805312768	9	0	1	66915	66920	66914	0	0	66915	66920	66914	0	0	66915	66920	66914	0	0	66915	66920	66914	0	0	66915	66920	66914	0	0	66915	66920	66914	0	0	66915	66920	66914	0	0	66915	66920	66914	0	0	66915	66920	66914	0	0	66915	66920	66914	0	0	0	0	0	10920	0	0	false	false	0	0	0	0	false	0	false	0	false	0	false	0
805312769	10	0	1	66917	66919	66916	0	0	66917	66919	66916	0	0	66917	66919	66916	0	0	66917	66919	66916	0	0	66917	66919	66916	0	0	66917	66919	66916	0	0	66917	66919	66916	0	0	66917	66919	66916	0	0	66917	66919	66916	0	0	66917	66919	66916	0	0	0	0	0	10920	0	0	false	false	0	0	0	0	false	0	false	0	false	0	false	0
805312770	11	0	1	0	0	0	0	66918	0	0	0	0	66918	0	0	0	0	66918	0	0	0	0	66918	0	0	0	0	66918	0	0	0	0	66918	0	0	0	0	66918	0	0	0	0	66918	0	0	0	0	66918	0	0	0	0	66918	0	0	0	10920	0	0	false	false	0	0	0	0	false	0	false	0	false	0	false	0
805312419	7	0	1	0	0	26082	0	0	0	0	26082	0	0	0	0	26082	0	0	0	0	26082	0	0	0	0	26082	0	0	0	0	26082	0	0	0	0	26082	0	0	0	0	26082	0	0	0	0	26082	0	0	0	0	26082	0	0	0	0	0	10920	0	0	false	false	0	0	0	0	false	0	false	0	false	0	false	0
805312420	5	0	1	0	0	0	0	0	0	0	0	0	0	0	0	0	0	0	0	0	0	0	0	0	0	0	0	0	0	0	0	0	0	0	0	0	0	0	0	0	0	0	0	0	0	0	0	0	0	0	0	0	0	0	0	0	10920	0	0	false	false	0	0	0	0	false	0	false	0	false	0	false	0
805312421	6	0	1	26005	6418	26081	0	0	26005	6418	26081	0	0	26005	6418	26081	0	0	26005	6418	26081	0	0	26005	6418	26081	0	0	26005	6418	26081	0	0	26005	6418	26081	0	0	26005	6418	26081	0	0	26005	6418	26081	0	0	26005	6418	26081	0	0	0	0	0	10920	0	0	false	false	0	0	0	0	false	0	false	0	false	0	false	0
805312422	0	0	1	51943	0	0	0	0	51944	0	0	0	0	51945	0	0	0	0	51946	0	0	0	0	51947	0	0	0	0	51948	0	0	0	0	51949	0	0	0	0	51950	0	0	0	0	51951	0	0	0	0	0	0	0	0	0	0	0	1	10920	0	0	false	false	0	0	0	0	false	0	false	0	false	0	false	0
805312423	0	0	1	22088	22104	22080	0	0	22091	22105	22081	0	0	22094	22106	22082	0	0	22097	22107	22083	0	0	22100	22108	22084	0	0	22103	22109	22085	0	0	27630	27631	27632	0	0	32182	33095	33096	0	0	38466	38465	38464	0	0	65237	65236	65235	0	0	0	0	0	10920	0	0	true	true	0	0	0	0	false	0	false	0	false	0	false	0
805312467	9	0	1	52529	21777	52534	0	0	52529	21777	52534	0	0	52529	21777	52534	0	0	52529	21777	52534	0	0	52529	21777	52534	0	0	52529	21777	52534	0	0	52529	21777	52534	0	0	52529	21777	52534	0	0	52529	21777	52534	0	0	52529	21777	52534	0	0	0	0	0	10920	0	0	false	false	0	0	0	0	false	0	false	0	false	0	false	0
805312506	0	0	1	0	0	0	0	0	0	0	0	0	0	0	0	0	0	0	0	0	0	0	0	0	0	0	0	0	0	0	0	0	0	0	0	0	0	0	0	0	0	0	0	0	0	0	0	0	65926	0	0	0	0	0	0	0	10920	872416728	0	false	false	0	0	0	0	false	0	false	0	false	0	false	0
805312507	1	0	1	0	0	0	0	0	0	0	0	0	0	0	0	0	0	0	0	0	0	0	0	0	0	0	0	0	0	0	0	0	0	0	0	0	0	0	0	0	0	0	0	0	0	0	0	0	65923	0	0	0	0	0	0	0	10920	872416728	0	false	false	0	0	0	0	false	0	false	0	false	0	false	0
805312508	2	0	1	0	0	0	0	0	0	0	0	0	0	0	0	0	0	0	0	0	0	0	0	0	0	0	0	0	0	0	0	0	0	0	0	0	0	0	0	0	0	0	0	0	0	0	0	0	65927	0	0	0	0	0	0	0	10920	872416728	0	false	false	0	0	0	0	false	0	false	0	false	0	false	0
805312509	3	0	1	0	0	0	0	0	0	0	0	0	0	0	0	0	0	0	0	0	0	0	0	0	0	0	0	0	0	0	0	0	0	0	0	0	0	0	0	0	0	0	0	0	0	0	0	0	65925	0	0	0	0	0	0	0	10920	872416728	0	false	false	0	0	0	0	false	0	false	0	false	0	false	0
805312510	4	0	1	0	0	0	0	0	0	0	0	0	0	0	0	0	0	0	0	0	0	0	0	0	0	0	0	0	0	0	0	0	0	0	0	0	0	0	0	0	0	0	0	0	0	0	0	0	65924	0	0	0	0	0	0	0	10920	872416728	0	false	false	0	0	0	0	false	0	false	0	false	0	false	0
805312670	0	0	1	0	0	0	0	0	0	0	0	0	0	0	0	0	0	0	0	0	0	0	0	0	0	0	0	0	0	0	0	0	0	0	0	0	0	0	0	0	0	0	0	0	0	0	0	0	65921	0	0	0	0	0	0	0	10920	872416728	0	false	false	0	0	0	0	false	0	false	0	false	0	false	0
805312671	1	0	1	0	0	0	0	0	0	0	0	0	0	0	0	0	0	0	0	0	0	0	0	0	0	0	0	0	0	0	0	0	0	0	0	0	0	0	0	0	0	0	0	0	0	0	0	0	65918	0	0	0	0	0	0	0	10920	872416728	0	false	false	0	0	0	0	false	0	false	0	false	0	false	0
805312672	2	0	1	0	0	0	0	0	0	0	0	0	0	0	0	0	0	0	0	0	0	0	0	0	0	0	0	0	0	0	0	0	0	0	0	0	0	0	0	0	0	0	0	0	0	0	0	0	65922	0	0	0	0	0	0	0	10920	872416728	0	false	false	0	0	0	0	false	0	false	0	false	0	false	0
805312673	3	0	1	0	0	0	0	0	0	0	0	0	0	0	0	0	0	0	0	0	0	0	0	0	0	0	0	0	0	0	0	0	0	0	0	0	0	0	0	0	0	0	0	0	0	0	0	0	65920	0	0	0	0	0	0	0	10920	872416728	0	false	false	0	0	0	0	false	0	false	0	false	0	false	0
805312674	4	0	1	0	0	0	0	0	0	0	0	0	0	0	0	0	0	0	0	0	0	0	0	0	0	0	0	0	0	0	0	0	0	0	0	0	0	0	0	0	0	0	0	0	0	0	0	0	65919	0	0	0	0	0	0	0	10920	872416728	0	false	false	0	0	0	0	false	0	false	0	false	0	false	0
805312675	0	0	1	0	0	0	0	0	0	0	0	0	0	0	0	0	0	0	0	0	0	0	0	0	0	0	0	0	0	0	0	0	0	0	0	0	0	0	0	0	0	0	0	0	0	0	0	0	65931	0	0	0	0	0	0	0	10920	872416728	0	false	false	0	0	0	0	false	0	false	0	false	0	false	0
805312676	1	0	1	0	0	0	0	0	0	0	0	0	0	0	0	0	0	0	0	0	0	0	0	0	0	0	0	0	0	0	0	0	0	0	0	0	0	0	0	0	0	0	0	0	0	0	0	0	65928	0	0	0	0	0	0	0	10920	872416728	0	false	false	0	0	0	0	false	0	false	0	false	0	false	0
805312677	2	0	1	0	0	0	0	0	0	0	0	0	0	0	0	0	0	0	0	0	0	0	0	0	0	0	0	0	0	0	0	0	0	0	0	0	0	0	0	0	0	0	0	0	0	0	0	0	65932	0	0	0	0	0	0	0	10920	872416728	0	false	false	0	0	0	0	false	0	false	0	false	0	false	0
805312678	3	0	1	0	0	0	0	0	0	0	0	0	0	0	0	0	0	0	0	0	0	0	0	0	0	0	0	0	0	0	0	0	0	0	0	0	0	0	0	0	0	0	0	0	0	0	0	0	65930	0	0	0	0	0	0	0	10920	872416728	0	false	false	0	0	0	0	false	0	false	0	false	0	false	0
805312679	4	0	1	0	0	0	0	0	0	0	0	0	0	0	0	0	0	0	0	0	0	0	0	0	0	0	0	0	0	0	0	0	0	0	0	0	0	0	0	0	0	0	0	0	0	0	0	0	65929	0	0	0	0	0	0	0	10920	872416728	0	false	false	0	0	0	0	false	0	false	0	false	0	false	0
805312511	0	0	1	0	0	0	0	0	0	0	0	0	0	0	0	0	0	0	0	0	0	0	0	0	0	0	0	0	0	0	0	0	0	0	0	0	0	0	0	0	0	0	0	0	0	0	0	0	63928	0	0	0	0	0	0	0	10920	872416730	0	false	false	0	0	0	0	false	0	false	0	false	0	false	0
805312512	1	0	1	0	0	0	0	0	0	0	0	0	0	0	0	0	0	0	0	0	0	0	0	0	0	0	0	0	0	0	0	0	0	0	0	0	0	0	0	0	0	0	0	0	0	0	0	0	63929	0	0	0	0	0	0	0	10920	872416730	0	false	false	0	0	0	0	false	0	false	0	false	0	false	0
805312513	2	0	1	0	0	0	0	0	0	0	0	0	0	0	0	0	0	0	0	0	0	0	0	0	0	0	0	0	0	0	0	0	0	0	0	0	0	0	0	0	0	0	0	0	0	0	0	0	63930	0	0	0	0	0	0	0	10920	872416730	0	false	false	0	0	0	0	false	0	false	0	false	0	false	0
805312514	3	0	1	0	0	0	0	0	0	0	0	0	0	0	0	0	0	0	0	0	0	0	0	0	0	0	0	0	0	0	0	0	0	0	0	0	0	0	0	0	0	0	0	0	0	0	0	0	63931	0	0	0	0	0	0	0	10920	872416730	0	false	false	0	0	0	0	false	0	false	0	false	0	false	0
805312515	4	0	1	0	0	0	0	0	0	0	0	0	0	0	0	0	0	0	0	0	0	0	0	0	0	0	0	0	0	0	0	0	0	0	0	0	0	0	0	0	0	0	0	0	0	0	0	0	63932	0	0	0	0	0	0	0	10920	872416730	0	false	false	0	0	0	0	false	0	false	0	false	0	false	0
805312516	9	0	1	0	0	0	0	0	0	0	0	0	0	0	0	0	0	0	0	0	0	0	0	0	0	0	0	0	0	0	0	0	0	0	0	0	0	0	0	0	0	0	0	0	0	0	0	0	63974	63977	63976	0	0	0	0	0	10920	872416730	0	false	false	0	0	0	0	false	0	false	0	false	0	false	0
805312517	0	0	1	0	0	0	0	0	0	0	0	0	0	0	0	0	0	0	0	0	0	0	0	0	0	0	0	0	0	0	0	0	0	0	0	0	0	0	0	0	0	0	0	0	0	0	0	0	63933	0	0	0	0	0	0	0	10920	872416729	0	false	false	0	0	0	0	false	0	false	0	false	0	false	0
805312518	1	0	1	0	0	0	0	0	0	0	0	0	0	0	0	0	0	0	0	0	0	0	0	0	0	0	0	0	0	0	0	0	0	0	0	0	0	0	0	0	0	0	0	0	0	0	0	0	63942	0	0	0	0	0	0	0	10920	872416729	0	false	false	0	0	0	0	false	0	false	0	false	0	false	0
805312519	2	0	1	0	0	0	0	0	0	0	0	0	0	0	0	0	0	0	0	0	0	0	0	0	0	0	0	0	0	0	0	0	0	0	0	0	0	0	0	0	0	0	0	0	0	0	0	0	63935	0	0	0	0	0	0	0	10920	872416729	0	false	false	0	0	0	0	false	0	false	0	false	0	false	0
805312520	3	0	1	0	0	0	0	0	0	0	0	0	0	0	0	0	0	0	0	0	0	0	0	0	0	0	0	0	0	0	0	0	0	0	0	0	0	0	0	0	0	0	0	0	0	0	0	0	63936	0	0	0	0	0	0	0	10920	872416729	0	false	false	0	0	0	0	false	0	false	0	false	0	false	0
805312521	4	0	1	0	0	0	0	0	0	0	0	0	0	0	0	0	0	0	0	0	0	0	0	0	0	0	0	0	0	0	0	0	0	0	0	0	0	0	0	0	0	0	0	0	0	0	0	0	63937	0	0	0	0	0	0	0	10920	872416729	0	false	false	0	0	0	0	false	0	false	0	false	0	false	0
805312522	9	0	1	0	0	0	0	0	0	0	0	0	0	0	0	0	0	0	0	0	0	0	0	0	0	0	0	0	0	0	0	0	0	0	0	0	0	0	0	0	0	0	0	0	0	0	0	0	63975	63977	63976	0	0	0	0	0	10920	872416729	0	false	false	0	0	0	0	false	0	false	0	false	0	false	0
805312523	0	0	1	0	0	0	0	0	0	0	0	0	0	0	0	0	0	0	0	0	0	0	0	0	0	0	0	0	0	0	0	0	0	0	0	0	0	0	0	0	0	0	0	0	0	0	0	0	65926	0	0	0	0	0	0	0	10920	872416731	0	false	false	0	0	0	0	false	0	false	0	false	0	false	0
805312524	1	0	1	0	0	0	0	0	0	0	0	0	0	0	0	0	0	0	0	0	0	0	0	0	0	0	0	0	0	0	0	0	0	0	0	0	0	0	0	0	0	0	0	0	0	0	0	0	65923	0	0	0	0	0	0	0	10920	872416731	0	false	false	0	0	0	0	false	0	false	0	false	0	false	0
805312525	2	0	1	0	0	0	0	0	0	0	0	0	0	0	0	0	0	0	0	0	0	0	0	0	0	0	0	0	0	0	0	0	0	0	0	0	0	0	0	0	0	0	0	0	0	0	0	0	65927	0	0	0	0	0	0	0	10920	872416731	0	false	false	0	0	0	0	false	0	false	0	false	0	false	0
805312526	3	0	1	0	0	0	0	0	0	0	0	0	0	0	0	0	0	0	0	0	0	0	0	0	0	0	0	0	0	0	0	0	0	0	0	0	0	0	0	0	0	0	0	0	0	0	0	0	65925	0	0	0	0	0	0	0	10920	872416731	0	false	false	0	0	0	0	false	0	false	0	false	0	false	0
805312527	4	0	1	0	0	0	0	0	0	0	0	0	0	0	0	0	0	0	0	0	0	0	0	0	0	0	0	0	0	0	0	0	0	0	0	0	0	0	0	0	0	0	0	0	0	0	0	0	65924	0	0	0	0	0	0	0	10920	872416731	0	false	false	0	0	0	0	false	0	false	0	false	0	false	0
805312528	0	0	1	0	0	0	0	0	0	0	0	0	0	0	0	0	0	0	0	0	0	0	0	0	0	0	0	0	0	0	0	0	0	0	0	0	0	0	0	0	0	0	0	0	0	0	0	0	63928	0	0	0	0	0	0	0	10920	872416733	0	false	false	0	0	0	0	false	0	false	0	false	0	false	0
805312529	1	0	1	0	0	0	0	0	0	0	0	0	0	0	0	0	0	0	0	0	0	0	0	0	0	0	0	0	0	0	0	0	0	0	0	0	0	0	0	0	0	0	0	0	0	0	0	0	63929	0	0	0	0	0	0	0	10920	872416733	0	false	false	0	0	0	0	false	0	false	0	false	0	false	0
805312530	2	0	1	0	0	0	0	0	0	0	0	0	0	0	0	0	0	0	0	0	0	0	0	0	0	0	0	0	0	0	0	0	0	0	0	0	0	0	0	0	0	0	0	0	0	0	0	0	63930	0	0	0	0	0	0	0	10920	872416733	0	false	false	0	0	0	0	false	0	false	0	false	0	false	0
805312531	3	0	1	0	0	0	0	0	0	0	0	0	0	0	0	0	0	0	0	0	0	0	0	0	0	0	0	0	0	0	0	0	0	0	0	0	0	0	0	0	0	0	0	0	0	0	0	0	63931	0	0	0	0	0	0	0	10920	872416733	0	false	false	0	0	0	0	false	0	false	0	false	0	false	0
805312532	4	0	1	0	0	0	0	0	0	0	0	0	0	0	0	0	0	0	0	0	0	0	0	0	0	0	0	0	0	0	0	0	0	0	0	0	0	0	0	0	0	0	0	0	0	0	0	0	63932	0	0	0	0	0	0	0	10920	872416733	0	false	false	0	0	0	0	false	0	false	0	false	0	false	0
805312533	9	0	1	0	0	0	0	0	0	0	0	0	0	0	0	0	0	0	0	0	0	0	0	0	0	0	0	0	0	0	0	0	0	0	0	0	0	0	0	0	0	0	0	0	0	0	0	0	63974	63977	63976	0	0	0	0	0	10920	872416733	0	false	false	0	0	0	0	false	0	false	0	false	0	false	0
805312534	0	0	1	0	0	0	0	0	0	0	0	0	0	0	0	0	0	0	0	0	0	0	0	0	0	0	0	0	0	0	0	0	0	0	0	0	0	0	0	0	0	0	0	0	0	0	0	0	63933	0	0	0	0	0	0	0	10920	872416732	0	false	false	0	0	0	0	false	0	false	0	false	0	false	0
805312535	1	0	1	0	0	0	0	0	0	0	0	0	0	0	0	0	0	0	0	0	0	0	0	0	0	0	0	0	0	0	0	0	0	0	0	0	0	0	0	0	0	0	0	0	0	0	0	0	63942	0	0	0	0	0	0	0	10920	872416732	0	false	false	0	0	0	0	false	0	false	0	false	0	false	0
805312536	2	0	1	0	0	0	0	0	0	0	0	0	0	0	0	0	0	0	0	0	0	0	0	0	0	0	0	0	0	0	0	0	0	0	0	0	0	0	0	0	0	0	0	0	0	0	0	0	63935	0	0	0	0	0	0	0	10920	872416732	0	false	false	0	0	0	0	false	0	false	0	false	0	false	0
805312537	3	0	1	0	0	0	0	0	0	0	0	0	0	0	0	0	0	0	0	0	0	0	0	0	0	0	0	0	0	0	0	0	0	0	0	0	0	0	0	0	0	0	0	0	0	0	0	0	63936	0	0	0	0	0	0	0	10920	872416732	0	false	false	0	0	0	0	false	0	false	0	false	0	false	0
805312538	4	0	1	0	0	0	0	0	0	0	0	0	0	0	0	0	0	0	0	0	0	0	0	0	0	0	0	0	0	0	0	0	0	0	0	0	0	0	0	0	0	0	0	0	0	0	0	0	63937	0	0	0	0	0	0	0	10920	872416732	0	false	false	0	0	0	0	false	0	false	0	false	0	false	0
805312539	9	0	1	0	0	0	0	0	0	0	0	0	0	0	0	0	0	0	0	0	0	0	0	0	0	0	0	0	0	0	0	0	0	0	0	0	0	0	0	0	0	0	0	0	0	0	0	0	63975	63977	63976	0	0	0	0	0	10920	872416732	0	false	false	0	0	0	0	false	0	false	0	false	0	false	0
805312560	9	0	1	28070	27988	64394	0	0	28070	27988	64394	0	0	28070	27988	64394	0	0	28070	27988	64394	0	0	28070	27988	64394	0	0	28070	27988	64394	0	0	28070	27988	64394	0	0	28070	27988	64394	0	0	28070	27988	64394	0	0	28070	27988	64394	0	0	0	0	0	10920	0	0	false	false	0	0	0	0	false	0	false	0	false	0	false	0
805312639	12	0	1	53028	53029	53030	0	0	53028	53029	53030	0	0	53028	53029	53030	0	0	53028	53029	53030	0	0	53028	53029	53030	0	0	53028	53029	53030	0	0	53028	53029	53030	0	0	53028	53029	53030	0	0	53028	53029	53030	0	0	53028	53029	53030	0	0	0	0	0	10920	0	0	false	false	0	0	0	0	false	0	false	0	false	0	false	0
805312688	0	0	1	66010	0	0	0	0	66002	0	0	0	0	66008	0	0	0	0	66004	0	0	0	0	66001	0	0	0	0	66005	0	0	0	0	66003	0	0	0	0	66006	0	0	0	0	66007	0	0	0	0	66009	0	0	0	0	0	0	2	10920	0	0	false	false	0	0	0	0	false	0	false	0	false	0	false	0
805312692	7	0	0	0	0	45283	0	0	0	0	45283	0	0	0	0	45283	0	0	0	0	45283	0	0	0	0	45283	0	0	0	0	45283	0	0	0	0	45283	0	0	0	0	45283	0	0	0	0	45283	0	0	0	0	45283	0	0	0	0	0	10920	0	0	false	false	0	0	0	0	false	0	false	0	false	0	false	0
805312693	5	0	0	0	0	0	0	0	0	0	0	0	0	0	0	0	0	0	0	0	0	0	0	0	0	0	0	0	0	0	0	0	0	0	0	0	0	0	0	0	0	0	0	0	0	0	0	0	0	0	0	0	0	0	0	0	10920	0	0	false	false	0	0	0	0	false	0	false	0	false	0	false	0
805312694	6	0	0	45282	0	0	0	0	45282	0	0	0	0	45282	0	0	0	0	45282	0	0	0	0	45282	0	0	0	0	45282	0	0	0	0	45282	0	0	0	0	45282	0	0	0	0	45282	0	0	0	0	45282	0	0	0	0	0	0	0	10920	0	0	false	false	0	0	0	0	false	0	false	0	false	0	false	0
805312703	9	0	1	12800	6428	66453	0	0	12800	6428	66453	0	0	12800	6428	66453	0	0	12800	6428	66453	0	0	12800	6428	66453	0	0	12800	6428	66453	0	0	12800	6428	66453	0	0	12800	6428	66453	0	0	12800	6428	66453	0	0	12800	6428	66453	0	0	0	0	0	10920	0	0	false	false	0	0	0	0	false	0	false	0	false	0	false	0
805312706	0	0	1	66485	0	0	0	0	66486	0	0	0	0	66487	0	0	0	0	66488	0	0	0	0	66489	0	0	0	0	66490	0	0	0	0	66491	0	0	0	0	66492	0	0	0	0	66493	0	0	0	0	66494	0	0	0	0	0	0	1	10920	0	0	false	false	0	0	0	0	false	0	false	0	false	0	false	0
805312710	7	0	1	0	0	53792	0	0	0	0	53792	0	0	0	0	53792	0	0	0	0	53792	0	0	0	0	53792	0	0	0	0	53792	0	0	0	0	53792	0	0	0	0	53792	0	0	0	0	53792	0	0	0	0	53792	0	0	0	0	0	10920	0	0	false	false	0	0	0	0	false	0	false	0	false	0	false	0
805312711	6	0	1	53791	0	0	0	0	53791	0	0	0	0	53791	0	0	0	0	53791	0	0	0	0	53791	0	0	0	0	53791	0	0	0	0	53791	0	0	0	0	53791	0	0	0	0	53791	0	0	0	0	53791	0	0	0	0	0	0	0	10920	0	0	false	false	0	0	0	0	false	0	false	0	false	0	false	0
805312712	5	0	1	0	0	0	0	0	0	0	0	0	0	0	0	0	0	0	0	0	0	0	0	0	0	0	0	0	0	0	0	0	0	0	0	0	0	0	0	0	0	0	0	0	0	0	0	0	0	0	0	0	0	0	0	0	10920	0	0	false	false	0	0	0	0	false	0	false	0	false	0	false	0
805312724	9	0	1	21052	21051	21053	0	0	21052	21051	21053	0	0	21052	21051	21053	0	0	21052	21051	21053	0	0	21052	21051	21053	0	0	21052	21051	21053	0	0	21052	21051	21053	0	0	21052	21051	21053	0	0	21052	21051	21053	0	0	21052	21051	21053	0	0	0	0	0	10920	872415627	0	false	false	0	0	0	0	true	1000021440	false	0	false	0	false	0
805312795	0	0	1	67206	0	0	0	0	67207	0	0	0	0	67208	0	0	0	0	67209	0	0	0	0	67210	0	0	0	0	67211	0	0	0	0	67212	0	0	0	0	67213	0	0	0	0	67214	0	0	0	0	67215	0	0	0	0	0	0	0	10920	0	0	false	true	0	0	0	0	false	0	false	0	false	0	false	0
805312796	7	0	1	0	0	23501	0	0	0	0	23501	0	0	0	0	23501	0	0	0	0	23501	0	0	0	0	23501	0	0	0	0	23501	0	0	0	0	23501	0	0	0	0	23501	0	0	0	0	23501	0	0	0	0	23501	0	0	0	0	0	10920	0	0	false	false	0	0	0	0	false	0	false	0	false	0	false	0
805312797	5	0	1	0	0	0	0	0	0	0	0	0	0	0	0	0	0	0	0	0	0	0	0	0	0	0	0	0	0	0	0	0	0	0	0	0	0	0	0	0	0	0	0	0	0	0	0	0	0	0	0	0	0	0	0	0	10920	0	0	false	false	0	0	0	0	false	0	false	0	false	0	false	0
805312798	6	0	1	20185	6418	23503	0	0	20185	6418	23503	0	0	20185	6418	23503	0	0	20185	6418	23503	0	0	20185	6418	23503	0	0	20185	6418	23503	0	0	20185	6418	23503	0	0	20185	6418	23503	0	0	20185	6418	23503	0	0	20185	6418	23503	0	0	0	0	0	10920	0	0	false	false	0	0	0	0	false	0	false	0	false	0	false	0
805312840	7	0	1	0	0	36482	0	0	0	0	36482	0	0	0	0	36482	0	0	0	0	36482	0	0	0	0	36482	0	0	0	0	36482	0	0	0	0	36482	0	0	0	0	36482	0	0	0	0	36482	0	0	0	0	36482	0	0	0	0	0	10920	0	0	false	false	0	0	0	0	false	0	false	0	false	0	false	0
805312841	5	0	1	0	0	0	0	0	0	0	0	0	0	0	0	0	0	0	0	0	0	0	0	0	0	0	0	0	0	0	0	0	0	0	0	0	0	0	0	0	0	0	0	0	0	0	0	0	0	0	0	0	0	0	0	0	10920	0	0	false	false	0	0	0	0	false	0	false	0	false	0	false	0
805312842	6	0	1	36672	0	0	0	0	36672	0	0	0	0	36672	0	0	0	0	36672	0	0	0	0	36672	0	0	0	0	36672	0	0	0	0	36672	0	0	0	0	36672	0	0	0	0	36672	0	0	0	0	36672	0	0	0	0	0	0	0	10920	0	0	false	false	0	0	0	0	false	0	false	0	false	0	false	0
805312904	0	0	1	67206	0	0	0	0	67207	0	0	0	0	67208	0	0	0	0	67209	0	0	0	0	67210	0	0	0	0	67211	0	0	0	0	67212	0	0	0	0	67213	0	0	0	0	67214	0	0	0	0	67215	0	0	0	0	0	0	0	10920	0	0	false	true	0	0	0	0	false	0	false	0	false	0	false	0
805312905	12	0	1	52700	52702	52701	0	0	52700	52702	52701	0	0	52700	52702	52701	0	0	52700	52702	52701	0	0	52700	52702	52701	0	0	52700	52702	52701	0	0	52700	52702	52701	0	0	52700	52702	52701	0	0	52700	52702	52701	0	0	52700	52702	52701	0	0	0	0	0	10920	0	0	false	false	0	0	0	0	false	0	false	0	false	0	false	0
805312969	9	0	1	70241	6428	70245	0	0	70241	6428	70245	0	0	70241	6428	70245	0	0	70241	6428	70245	0	0	70241	6428	70245	0	0	70241	6428	70245	0	0	70241	6428	70245	0	0	70241	6428	70245	0	0	70241	6428	70245	0	0	70241	6428	70245	0	0	0	0	0	10920	0	0	false	false	0	0	0	0	false	0	false	0	false	0	false	0
805312970	10	0	1	70240	70243	70244	0	0	70240	70243	70244	0	0	70240	70243	70244	0	0	70240	70243	70244	0	0	70240	70243	70244	0	0	70240	70243	70244	0	0	70240	70243	70244	0	0	70240	70243	70244	0	0	70240	70243	70244	0	0	70240	70243	70244	0	0	0	0	0	10920	0	0	false	false	0	0	0	0	false	0	false	0	false	0	false	0
805312971	11	0	1	0	0	0	0	70242	0	0	0	0	70242	0	0	0	0	70242	0	0	0	0	70242	0	0	0	0	70242	0	0	0	0	70242	0	0	0	0	70242	0	0	0	0	70242	0	0	0	0	70242	0	0	0	0	70242	0	0	0	10920	0	0	false	false	0	0	0	0	false	0	false	0	false	0	false	0
805312972	0	0	1	70270	0	0	0	0	70262	0	0	0	0	70268	0	0	0	0	70264	0	0	0	0	70261	0	0	0	0	70265	0	0	0	0	70263	0	0	0	0	70266	0	0	0	0	70267	0	0	0	0	70269	0	0	0	0	0	0	2	10920	0	0	false	false	0	0	0	0	false	0	false	0	false	0	false	0
805310673	0	0	1	0	0	0	0	0	0	0	0	0	0	0	0	0	0	0	0	0	0	0	0	0	0	0	0	0	0	0	0	0	0	0	0	0	0	0	0	0	0	0	0	0	0	0	0	0	0	0	0	0	0	0	0	0	10920	0	0	false	false	0	0	0	0	false	0	false	10036	false	0	false	0
805310674	1	0	1	0	0	0	0	0	0	0	0	0	0	0	0	0	0	0	0	0	0	0	0	0	0	0	0	0	0	0	0	0	0	0	0	0	0	0	0	0	0	0	0	0	0	0	0	0	0	0	0	0	0	0	0	0	10920	0	0	false	false	0	0	0	0	false	0	false	10144	false	0	false	0
805310675	2	0	1	0	0	0	0	0	0	0	0	0	0	0	0	0	0	0	0	0	0	0	0	0	0	0	0	0	0	0	0	0	0	0	0	0	0	0	0	0	0	0	0	0	0	0	0	0	0	0	0	0	0	0	0	0	10920	0	0	false	false	0	0	0	0	false	0	false	10031	false	0	false	0
805310676	3	0	1	0	0	0	0	0	0	0	0	0	0	0	0	0	0	0	0	0	0	0	0	0	0	0	0	0	0	0	0	0	0	0	0	0	0	0	0	0	0	0	0	0	0	0	0	0	0	0	0	0	0	0	0	0	10920	0	0	false	false	0	0	0	0	false	0	false	10033	false	0	false	0
805310677	4	0	1	0	0	0	0	0	0	0	0	0	0	0	0	0	0	0	0	0	0	0	0	0	0	0	0	0	0	0	0	0	0	0	0	0	0	0	0	0	0	0	0	0	0	0	0	0	0	0	0	0	0	0	0	0	10920	0	0	false	false	0	0	0	0	false	0	false	10029	false	0	false	0
805310678	9	0	1	34577	30129	34579	0	0	34577	30129	34579	0	0	34577	30129	34579	0	0	34577	30129	34579	0	0	34577	30129	34579	0	0	34577	30129	34579	0	0	34577	30129	34579	0	0	34577	30129	34579	0	0	34577	30129	34579	0	0	34577	30129	34579	0	0	0	0	0	10920	872416348	0	false	false	0	0	0	0	true	1000114971	false	0	false	0	false	0
805310679	10	0	1	34574	30132	34576	0	0	34574	30132	34576	0	0	34574	30132	34576	0	0	34574	30132	34576	0	0	34574	30132	34576	0	0	34574	30132	34576	0	0	34574	30132	34576	0	0	34574	30132	34576	0	0	34574	30132	34576	0	0	34574	30132	34576	0	0	0	0	0	10920	872416348	0	false	false	0	0	0	0	true	1000114971	false	0	false	0	false	0
805310680	11	0	1	0	0	0	0	35589	0	0	0	0	35589	0	0	0	0	35589	0	0	0	0	35589	0	0	0	0	35589	0	0	0	0	35589	0	0	0	0	35589	0	0	0	0	35589	0	0	0	0	35589	0	0	0	0	35589	0	0	0	10920	872416348	0	false	false	0	0	0	0	true	1000114971	false	0	false	0	false	0
805310681	7	0	1	0	0	0	0	0	0	0	0	0	0	0	0	0	0	0	0	0	0	0	0	0	0	0	0	0	0	0	0	0	0	0	0	0	0	0	0	0	0	0	0	0	0	0	0	0	0	0	0	0	0	0	0	0	10920	872416348	0	false	false	0	0	0	0	true	1000114971	false	0	false	0	false	0
805310682	6	0	1	0	0	0	0	0	0	0	0	0	0	0	0	0	0	0	0	0	0	0	0	0	0	0	0	0	0	0	0	0	0	0	0	0	0	0	0	0	0	0	0	0	0	0	0	0	0	0	0	0	0	0	0	0	10920	872416348	0	false	false	0	0	0	0	true	1000114971	false	0	false	0	false	0
805310683	5	0	1	0	0	0	0	0	0	0	0	0	0	0	0	0	0	0	0	0	0	0	0	0	0	0	0	0	0	0	0	0	0	0	0	0	0	0	0	0	0	0	0	0	0	0	0	0	0	0	0	0	0	0	0	0	10920	872416348	0	false	false	0	0	0	0	true	1000114971	false	0	false	0	false	0
805310684	12	0	1	41579	14307	14306	0	0	41579	14307	14306	0	0	41579	14307	14306	0	0	41579	14307	14306	0	0	41579	14307	14306	0	0	41579	14307	14306	0	0	41579	14307	14306	0	0	41579	14307	14306	0	0	41579	14307	14306	0	0	0	0	0	0	0	0	0	0	10920	872416348	0	false	false	0	0	0	0	true	1000114971	false	0	false	0	false	0
1073762477	0	0	1	19755	0	0	0	0	19757	0	0	0	0	19759	0	0	0	0	19761	0	0	0	0	19763	0	0	0	0	19765	0	0	0	0	26217	0	0	0	0	19757	0	0	0	0	39835	0	0	0	0	0	0	0	0	0	0	0	2	10920	0	0	false	false	0	0	0	0	false	0	false	0	false	0	false	0
1073762478	0	0	1	19756	0	0	0	0	19758	0	0	0	0	19760	0	0	0	0	19762	0	0	0	0	19764	0	0	0	0	19766	0	0	0	0	26218	0	0	0	0	19758	0	0	0	0	39851	0	0	0	0	0	0	0	0	0	0	0	2	10920	0	0	false	false	0	0	0	0	false	0	false	0	false	0	false	0
1073767097	0	0	1	20712	0	0	0	0	20713	0	0	0	0	20714	0	0	0	0	20715	0	0	0	0	20716	0	0	0	0	20717	0	0	0	0	26219	0	0	0	0	20713	0	0	0	0	39855	0	0	0	0	0	0	0	0	0	0	0	2	10920	0	0	false	false	0	0	0	0	false	0	false	0	false	0	false	0
1073769791	0	0	1	21185	0	0	0	0	21187	0	0	0	0	21189	0	0	0	0	21191	0	0	0	0	21193	0	0	0	0	21195	0	0	0	0	28294	0	0	0	0	21187	0	0	0	0	39847	0	0	0	0	67368	0	0	0	0	0	0	0	10920	0	0	false	true	0	0	0	0	false	0	false	0	false	0	false	0
1073769792	0	0	1	21186	0	0	0	0	21188	0	0	0	0	21190	0	0	0	0	21192	0	0	0	0	21194	0	0	0	0	21196	0	0	0	0	28295	0	0	0	0	21188	0	0	0	0	39848	0	0	0	0	67367	0	0	0	0	0	0	0	10920	0	0	false	true	0	0	0	0	false	0	false	0	false	0	false	0
1073772144	0	0	1	22037	0	0	0	0	22038	0	0	0	0	22039	0	0	0	0	22040	0	0	0	0	22041	0	0	0	0	22042	0	0	0	0	37896	0	0	0	0	37897	0	0	0	0	39854	0	0	0	0	67366	0	0	0	0	0	0	0	10920	0	0	false	true	0	0	0	0	false	0	false	0	false	0	false	0
1073775066	0	0	1	23077	0	0	0	0	23078	0	0	0	0	23079	0	0	0	0	23080	0	0	0	0	23081	0	0	0	0	23082	0	0	0	0	29735	0	0	0	0	23078	0	0	0	0	39853	0	0	0	0	0	0	0	0	0	0	0	2	10920	0	0	false	false	0	0	0	0	false	0	false	0	false	0	false	0
1073777362	0	0	1	23341	0	0	0	0	23338	0	0	0	0	23347	0	0	0	0	23350	0	0	0	0	23344	0	0	0	0	23353	0	0	0	0	27971	0	0	0	0	23338	0	0	0	0	39832	0	0	0	0	0	0	0	0	0	0	0	2	10920	0	0	false	true	0	0	0	0	false	0	false	0	false	0	false	0
1073777363	0	0	1	23343	0	0	0	0	23340	0	0	0	0	23349	0	0	0	0	23352	0	0	0	0	23346	0	0	0	0	23355	0	0	0	0	0	0	0	0	0	23340	0	0	0	0	39834	0	0	0	0	0	0	0	0	0	0	0	2	10920	0	0	false	true	0	0	0	0	false	0	false	0	false	0	false	0
1073777364	0	0	1	23342	0	0	0	0	23339	0	0	0	0	23348	0	0	0	0	23351	0	0	0	0	23345	0	0	0	0	23354	0	0	0	0	0	0	0	0	0	23339	0	0	0	0	39833	0	0	0	0	0	0	0	0	0	0	0	2	10920	0	0	false	true	0	0	0	0	false	0	false	0	false	0	false	0
1073785993	0	0	1	24420	0	0	0	0	24421	0	0	0	0	24422	0	0	0	0	24423	0	0	0	0	24424	0	0	0	0	24425	0	0	0	0	36373	0	0	0	0	24421	0	0	0	0	39838	0	0	0	0	0	0	0	0	0	0	0	2	10920	0	0	false	true	0	0	0	0	false	0	false	0	false	0	false	0
1073789341	0	0	1	25279	0	0	0	0	25278	0	0	0	0	25280	0	0	0	0	25281	0	0	0	0	25282	0	0	0	0	25283	0	0	0	0	25284	0	0	0	0	25278	0	0	0	0	39843	0	0	0	0	0	0	0	0	0	0	0	2	10920	0	0	false	true	0	0	0	0	false	0	false	0	false	0	false	0
1073791263	0	0	1	25733	0	0	0	0	25728	0	0	0	0	25731	0	0	0	0	25732	0	0	0	0	25727	0	0	0	0	25730	0	0	0	0	25729	0	0	0	0	25728	0	0	0	0	39849	0	0	0	0	0	0	0	0	0	0	0	1	10920	0	0	false	true	0	0	0	0	false	0	false	0	false	0	false	0
1073795532	0	0	1	26191	0	0	0	0	26192	0	0	0	0	26193	0	0	0	0	26194	0	0	0	0	26195	0	0	0	0	26196	0	0	0	0	26216	0	0	0	0	26192	0	0	0	0	39840	0	0	0	0	0	0	0	0	0	0	0	2	10920	0	0	false	true	0	0	0	0	false	0	false	0	false	0	false	0
1073797365	0	0	1	26699	0	0	0	0	26700	0	0	0	0	26701	0	0	0	0	26702	0	0	0	0	26703	0	0	0	0	26698	0	0	0	0	26704	0	0	0	0	26700	0	0	0	0	39841	0	0	0	0	0	0	0	0	0	0	0	1	10920	0	0	false	true	0	0	0	0	false	0	false	0	false	0	false	0
1073800159	0	0	1	27486	0	0	0	0	27484	0	0	0	0	27483	0	0	0	0	27489	0	0	0	0	27485	0	0	0	0	27488	0	0	0	0	27487	0	0	0	0	27484	0	0	0	0	39831	0	0	0	0	0	0	0	0	0	0	0	2	10920	0	0	false	true	0	0	0	0	false	0	false	0	false	0	false	0
1073801177	0	0	1	27556	0	0	0	0	27557	0	0	0	0	27558	0	0	0	0	27559	0	0	0	0	27560	0	0	0	0	27561	0	0	0	0	27562	0	0	0	0	27557	0	0	0	0	39842	0	0	0	0	0	0	0	0	0	0	0	1	10920	0	0	false	false	0	0	0	0	false	0	false	0	false	0	false	0
1073805446	0	0	1	28019	0	0	0	0	28020	0	0	0	0	28021	0	0	0	0	28022	0	0	0	0	28023	0	0	0	0	28024	0	0	0	0	28025	0	0	0	0	28020	0	0	0	0	39852	0	0	0	0	0	0	0	0	0	0	0	2	10920	0	0	false	false	0	0	0	0	false	0	false	0	false	0	false	0
1073810530	0	0	1	28640	28680	28678	0	0	28641	28676	28686	0	0	28642	28679	28677	0	0	28643	28684	28682	0	0	28644	28673	28674	0	0	28645	28675	28685	0	0	28646	28683	28681	0	0	28641	28676	28686	0	0	39856	40145	40144	0	0	0	0	0	0	0	0	0	1	10920	0	0	true	true	0	0	0	0	false	0	false	0	false	0	false	0
1073813890	0	0	1	29141	0	0	0	0	29142	0	0	0	0	29143	0	0	0	0	29144	0	0	0	0	29145	0	0	0	0	29146	0	0	0	0	29147	0	0	0	0	29142	0	0	0	0	39846	0	0	0	0	0	0	0	0	0	0	0	2	10920	0	0	false	false	0	0	0	0	false	0	false	0	false	0	false	0
1073813891	0	0	1	29423	0	0	0	0	29424	0	0	0	0	29425	0	0	0	0	29426	0	0	0	0	29427	0	0	0	0	29428	0	0	0	0	29429	0	0	0	0	29424	0	0	0	0	39844	0	0	0	0	67474	0	0	0	0	0	0	0	10920	0	0	false	true	0	0	0	0	false	0	false	0	false	0	false	0
1073813892	0	0	1	30839	0	0	0	0	30840	0	0	0	0	30841	0	0	0	0	30842	0	0	0	0	30843	0	0	0	0	30844	0	0	0	0	30845	0	0	0	0	30840	0	0	0	0	39850	0	0	0	0	0	0	0	0	0	0	0	2	10920	0	0	false	true	0	0	0	0	false	0	false	0	false	0	false	0
1073813893	0	0	1	32032	0	0	0	0	32033	0	0	0	0	32034	0	0	0	0	32035	0	0	0	0	32036	0	0	0	0	32037	0	0	0	0	32038	0	0	0	0	32033	0	0	0	0	39824	0	0	0	0	0	0	0	0	0	0	0	0	10920	0	0	false	true	0	0	0	0	false	0	false	0	false	0	false	0
1073813894	0	0	1	33070	0	33066	0	0	33076	0	33064	0	0	33071	0	33068	0	0	33074	0	33063	0	0	33077	0	33067	0	0	33073	0	33062	0	0	33075	0	33065	0	0	33072	0	33069	0	0	39837	0	40143	0	0	67506	0	67507	0	0	0	0	0	10920	0	0	false	true	0	0	0	0	false	0	false	0	false	0	false	0
1073813895	0	0	1	33124	0	0	0	0	33118	0	0	0	0	33123	0	0	0	0	33120	0	0	0	0	33117	0	0	0	0	33121	0	0	0	0	33119	0	0	0	0	33122	0	0	0	0	39839	0	0	0	0	0	0	0	0	0	0	0	2	10920	0	0	false	false	0	0	0	0	false	0	false	0	false	0	false	0
1073813896	0	0	1	33487	0	0	0	0	33488	0	0	0	0	33489	0	0	0	0	33490	0	0	0	0	33491	0	0	0	0	33492	0	0	0	0	33493	0	0	0	0	33488	0	0	0	0	39828	0	0	0	0	0	0	0	0	0	0	0	2	10920	0	0	false	false	0	0	0	0	false	0	false	0	false	0	false	0
1073813897	0	0	1	34867	34875	34883	0	0	34861	34869	34877	0	0	34866	34874	34882	0	0	34863	34871	34879	0	0	34860	34868	34876	0	0	34864	34872	34880	0	0	34862	34870	34878	0	0	34865	34873	34881	0	0	39821	39822	39823	0	0	67508	67509	67510	0	0	0	0	0	10920	0	0	true	true	0	0	0	0	false	0	false	0	false	0	false	0
1073813898	0	0	1	34885	0	0	0	0	34886	0	0	0	0	34887	0	0	0	0	34890	0	0	0	0	34889	0	0	0	0	34888	0	0	0	0	34891	0	0	0	0	34892	0	0	0	0	39829	0	0	0	0	0	0	0	0	0	0	0	1	10920	0	0	false	false	0	0	0	0	false	0	false	0	false	0	false	0
1073813899	0	0	1	35560	35568	35576	0	0	35554	35562	35570	0	0	35559	35567	35575	0	0	35556	35564	35572	0	0	35553	35561	35569	0	0	35557	35565	35573	0	0	35555	35563	35571	0	0	35558	35566	35574	0	0	39825	39826	39827	0	0	67477	67476	67475	0	0	0	0	0	10920	0	0	true	false	0	0	0	0	false	0	false	0	false	0	false	0
1073813900	0	0	1	36026	0	0	0	0	36032	0	0	0	0	36027	0	0	0	0	36030	0	0	0	0	36033	0	0	0	0	36029	0	0	0	0	36031	0	0	0	0	36028	0	0	0	0	39830	0	0	0	0	0	0	0	0	0	0	0	1	10920	0	0	false	false	0	0	0	0	false	0	false	0	false	0	false	0
1073813901	0	0	1	36509	0	0	0	0	36503	0	0	0	0	36508	0	0	0	0	36505	0	0	0	0	36502	0	0	0	0	36506	0	0	0	0	36504	0	0	0	0	36507	0	0	0	0	38505	0	0	0	0	0	0	0	0	0	0	0	2	10920	0	0	false	true	0	0	0	0	false	0	false	0	false	0	false	0
1073813902	0	0	1	37564	0	0	0	0	37558	0	0	0	0	37563	0	0	0	0	37560	0	0	0	0	37557	0	0	0	0	37561	0	0	0	0	37559	0	0	0	0	37562	0	0	0	0	38507	0	0	0	0	0	0	0	0	0	0	0	2	10920	0	0	false	false	0	0	0	0	false	0	false	0	false	0	false	0
1073813903	0	0	1	38092	0	0	0	0	38086	0	0	0	0	38091	0	0	0	0	38088	0	0	0	0	38085	0	0	0	0	38089	0	0	0	0	38087	0	0	0	0	38090	0	0	0	0	38506	0	0	0	0	0	0	0	0	0	0	0	2	10920	0	0	false	false	0	0	0	0	false	0	false	0	false	0	false	0
1073813904	0	0	1	38395	0	0	0	0	38388	0	0	0	0	38394	0	0	0	0	38390	0	0	0	0	38387	0	0	0	0	38391	0	0	0	0	38389	0	0	0	0	38392	0	0	0	0	38393	0	0	0	0	0	0	0	0	0	0	0	0	10920	0	0	true	false	0	0	0	0	false	0	false	0	false	0	false	0
1073813905	0	0	1	39537	0	0	0	0	39538	0	0	0	0	39536	0	0	0	0	39539	0	0	0	0	39533	0	0	0	0	39541	0	0	0	0	39534	0	0	0	0	39535	0	0	0	0	39540	0	0	0	0	0	0	0	0	0	0	0	2	10920	0	0	false	false	0	0	0	0	false	0	false	0	false	0	false	0
1073813906	0	0	1	40603	0	0	0	0	40596	0	0	0	0	40602	0	0	0	0	40598	0	0	0	0	40595	0	0	0	0	40599	0	0	0	0	40597	0	0	0	0	40600	0	0	0	0	40601	0	0	0	0	0	0	0	0	0	0	0	2	10920	0	0	false	true	0	0	0	0	false	0	false	0	false	0	false	0
1073813907	0	0	1	40823	0	0	0	0	40824	0	0	0	0	40822	0	0	0	0	40825	0	0	0	0	40819	0	0	0	0	40826	0	0	0	0	40820	0	0	0	0	40821	0	0	0	0	40827	0	0	0	0	0	0	0	0	0	0	0	2	10920	0	0	false	false	0	0	0	0	false	0	false	0	false	0	false	0
1073813908	0	0	1	41576	41575	41574	0	0	41555	41554	41553	0	0	41573	41572	41571	0	0	41561	41560	41559	0	0	41552	41551	41550	0	0	41564	41563	41562	0	0	41558	41557	41556	0	0	41567	41566	41565	0	0	41570	41569	41568	0	0	0	0	0	0	0	0	0	2	10920	0	0	true	false	0	0	0	0	false	0	false	0	false	0	false	0
1073813909	0	0	1	41341	0	0	0	0	41343	0	0	0	0	41339	0	0	0	0	41344	0	0	0	0	41340	0	0	0	0	41346	0	0	0	0	41342	0	0	0	0	41338	0	0	0	0	41345	0	0	0	0	0	0	0	0	0	0	0	1	10920	0	0	false	false	0	0	0	0	false	0	false	0	false	0	false	0
1073813910	0	0	1	42314	0	0	0	0	42307	0	0	0	0	42313	0	0	0	0	42309	0	0	0	0	42306	0	0	0	0	42310	0	0	0	0	42308	0	0	0	0	42311	0	0	0	0	42312	0	0	0	0	0	0	0	0	0	0	0	2	10920	0	0	false	true	0	0	0	0	false	0	false	0	false	0	false	0
1073813911	0	0	1	42296	0	0	0	0	42289	0	0	0	0	42295	0	0	0	0	42291	0	0	0	0	42288	0	0	0	0	42292	0	0	0	0	42290	0	0	0	0	42293	0	0	0	0	42294	0	0	0	0	0	0	0	0	0	0	0	1	10920	0	0	false	true	0	0	0	0	false	0	false	0	false	0	false	0
1073813912	0	0	1	43263	0	0	0	0	43256	0	0	0	0	43262	0	0	0	0	43258	0	0	0	0	43255	0	0	0	0	43259	0	0	0	0	43257	0	0	0	0	43260	0	0	0	0	43261	0	0	0	0	0	0	0	0	0	0	0	2	10920	0	0	false	false	0	0	0	0	false	0	false	0	false	0	false	0
1073813913	0	0	1	43820	0	0	0	0	43821	0	0	0	0	43822	0	0	0	0	43823	0	0	0	0	43824	0	0	0	0	43825	0	0	0	0	43826	0	0	0	0	43827	0	0	0	0	43828	0	0	0	0	0	0	0	0	0	0	0	2	10920	0	0	false	false	0	0	0	0	false	0	false	0	false	0	false	0
1073813914	0	0	1	43907	43906	43905	0	0	43886	43885	43884	0	0	43904	43903	43902	0	0	43892	43891	43890	0	0	43883	43882	43881	0	0	43895	43894	43893	0	0	43889	43888	43887	0	0	43898	43897	43896	0	0	43901	43900	43899	0	0	0	0	0	0	0	0	0	2	10920	0	0	true	false	0	0	0	0	false	0	false	0	false	0	false	0
1073813915	0	0	1	44442	0	0	0	0	44443	0	0	0	0	44444	0	0	0	0	44445	0	0	0	0	44446	0	0	0	0	44447	0	0	0	0	44448	0	0	0	0	44449	0	0	0	0	44450	0	0	0	0	0	0	0	0	0	0	0	1	10920	0	0	false	false	0	0	0	0	false	0	false	0	false	0	false	0
1073813916	0	0	1	45403	45404	45405	0	0	45406	45407	45408	0	0	45412	45413	45414	0	0	45409	45410	45411	0	0	45415	45416	45417	0	0	45418	45419	45420	0	0	45421	45422	45423	0	0	45424	45425	45426	0	0	45427	45428	45429	0	0	0	0	0	0	0	0	0	1	10920	0	0	true	false	0	0	0	0	false	0	false	0	false	0	false	0
1073813917	0	0	1	45640	0	0	0	0	45641	0	0	0	0	45642	0	0	0	0	45643	0	0	0	0	45644	0	0	0	0	45645	0	0	0	0	45646	0	0	0	0	45647	0	0	0	0	45648	0	0	0	0	0	0	0	0	0	0	0	2	10920	0	0	false	false	0	0	0	0	false	0	false	0	false	0	false	0
1073880530	0	0	1	45892	45894	45893	0	0	45895	45897	45896	0	0	45898	45900	45899	0	0	45901	45903	45902	0	0	45904	45906	45905	0	0	45907	45909	45908	0	0	45910	45912	45911	0	0	45913	45915	45914	0	0	45916	45918	45917	0	0	0	0	0	0	0	0	0	1	10920	0	0	true	false	0	0	0	0	false	0	false	0	false	0	false	0
1073881588	0	0	1	46460	0	0	0	0	46453	0	0	0	0	46459	0	0	0	0	46455	0	0	0	0	46452	0	0	0	0	46456	0	0	0	0	46454	0	0	0	0	46457	0	0	0	0	46458	0	0	0	0	0	0	0	0	0	0	0	2	10920	0	0	false	false	0	0	0	0	false	0	false	0	false	0	false	0
1073883281	0	0	1	46991	46990	46989	0	0	46994	46993	46992	0	0	46997	46996	46995	0	0	47000	46999	46998	0	0	47003	47002	47001	0	0	47006	47005	47004	0	0	47009	47008	47007	0	0	47012	47011	47010	0	0	47015	47014	47013	0	0	67614	67613	67612	0	0	0	0	0	10920	0	0	true	false	0	0	0	0	false	0	false	0	false	0	false	0
1073886356	0	0	1	48030	0	0	0	0	48034	0	0	0	0	48031	0	0	0	0	48033	0	0	0	0	48036	0	0	0	0	48029	0	0	0	0	48035	0	0	0	0	48032	0	0	0	0	48028	0	0	0	0	0	0	0	0	0	0	0	1	10920	0	0	false	false	0	0	0	0	false	0	false	0	false	0	false	0
1073887188	0	0	1	48456	48474	48465	0	0	48449	48467	48458	0	0	48455	48473	48464	0	0	48452	48470	48461	0	0	48448	48466	48457	0	0	48451	48469	48460	0	0	48450	48468	48459	0	0	48453	48471	48462	0	0	48454	48472	48463	0	0	0	0	0	0	0	0	0	2	10920	0	0	true	false	0	0	0	0	false	0	false	0	false	0	false	0
1073888280	0	0	1	48928	0	0	0	0	48926	0	0	0	0	48929	0	0	0	0	48922	0	0	0	0	48921	0	0	0	0	48924	0	0	0	0	48927	0	0	0	0	48925	0	0	0	0	48923	0	0	0	0	0	0	0	0	0	0	0	2	10920	0	0	false	false	0	0	0	0	false	0	false	0	false	0	false	0
1073888431	0	0	1	49083	0	0	0	0	49081	0	0	0	0	49084	0	0	0	0	49077	0	0	0	0	49076	0	0	0	0	49079	0	0	0	0	49082	0	0	0	0	49080	0	0	0	0	49078	0	0	0	0	0	0	0	0	0	0	0	2	10920	0	0	false	false	0	0	0	0	false	0	false	0	false	0	false	0
1073890777	0	0	1	49822	0	0	0	0	49815	0	0	0	0	49821	0	0	0	0	49817	0	0	0	0	49814	0	0	0	0	49818	0	0	0	0	49816	0	0	0	0	49819	0	0	0	0	49820	0	0	0	0	0	0	0	0	0	0	0	2	10920	0	0	false	false	0	0	0	0	false	0	false	0	false	0	false	0
1073891277	0	0	1	50242	0	0	0	0	50249	0	0	0	0	50243	0	0	0	0	50247	0	0	0	0	50250	0	0	0	0	50246	0	0	0	0	50248	0	0	0	0	50245	0	0	0	0	50244	0	0	0	0	0	0	0	0	0	0	0	2	10920	0	0	false	false	0	0	0	0	false	0	false	0	false	0	false	0
1073893036	0	0	1	50674	50675	50676	0	0	50653	50654	50655	0	0	50671	50672	50673	0	0	50659	50660	50661	0	0	50650	50651	50652	0	0	50662	50663	50664	0	0	50656	50657	50658	0	0	50665	50666	50667	0	0	50668	50669	50670	0	0	0	0	0	0	0	0	0	0	10920	0	0	true	false	0	0	0	0	false	0	false	0	false	0	false	0
1073893802	0	0	1	51022	0	0	0	0	51015	0	0	0	0	51021	0	0	0	0	51017	0	0	0	0	51014	0	0	0	0	51018	0	0	0	0	51016	0	0	0	0	51019	0	0	0	0	51020	0	0	0	0	0	0	0	0	0	0	0	2	10920	0	0	false	true	0	0	0	0	false	0	false	0	false	0	false	0
1073895522	0	0	1	51831	0	0	0	0	51824	0	0	0	0	51830	0	0	0	0	51826	0	0	0	0	51823	0	0	0	0	51827	0	0	0	0	51825	0	0	0	0	51828	0	0	0	0	51829	0	0	0	0	0	0	0	0	0	0	0	2	10920	0	0	false	true	0	0	0	0	false	0	false	0	false	0	false	0
1073895530	0	0	1	51836	0	0	0	0	51840	0	0	0	0	51838	0	0	0	0	51839	0	0	0	0	51837	0	0	0	0	51841	0	0	0	0	51842	0	0	0	0	51843	0	0	0	0	51844	0	0	0	0	0	0	0	0	0	0	0	2	10920	0	0	false	true	0	0	0	0	false	0	false	0	false	0	false	0
1073896556	0	0	1	52462	52461	52463	0	0	52483	52482	52484	0	0	52465	52464	52466	0	0	52477	52476	52478	0	0	52486	52485	52487	0	0	52474	52473	52475	0	0	52480	52479	52481	0	0	52471	52470	52472	0	0	52468	52467	52469	0	0	0	0	0	0	0	0	0	2	10920	0	0	true	false	0	0	0	0	false	0	false	0	false	0	false	0
1073896624	0	0	1	52450	52449	52448	0	0	52429	52428	52427	0	0	52447	52446	52445	0	0	52435	52434	52433	0	0	52426	52425	52424	0	0	52438	52437	52436	0	0	52432	52431	52430	0	0	52441	52440	52439	0	0	52444	52443	52442	0	0	0	0	0	0	0	0	0	2	10920	0	0	true	false	0	0	0	0	false	0	false	0	false	0	false	0
1073898121	0	0	1	52960	0	0	0	0	52961	0	0	0	0	52962	0	0	0	0	52963	0	0	0	0	52964	0	0	0	0	52965	0	0	0	0	52966	0	0	0	0	52967	0	0	0	0	52968	0	0	0	0	0	0	0	0	0	0	0	0	10920	0	0	false	true	0	0	0	0	false	0	false	0	false	0	false	0
1073898879	0	0	1	53313	0	0	0	0	53306	0	0	0	0	53312	0	0	0	0	53308	0	0	0	0	53305	0	0	0	0	53309	0	0	0	0	53307	0	0	0	0	53310	0	0	0	0	53311	0	0	0	0	0	0	0	0	0	0	0	2	10920	0	0	false	true	0	0	0	0	false	0	false	0	false	0	false	0
1073899326	0	0	1	53524	0	0	0	0	53509	0	0	0	0	53503	0	0	0	0	53507	0	0	0	0	53510	0	0	0	0	53506	0	0	0	0	53508	0	0	0	0	53505	0	0	0	0	53525	0	0	0	0	0	0	0	0	0	0	0	1	10920	0	0	false	true	0	0	0	0	false	0	false	0	false	0	false	0
1073900518	0	0	1	54003	0	0	0	0	54004	0	0	0	0	54002	0	0	0	0	54005	0	0	0	0	53997	0	0	0	0	53999	0	0	0	0	53998	0	0	0	0	54000	0	0	0	0	54001	0	0	0	0	0	0	0	0	0	0	0	1	10920	0	0	false	true	0	0	0	0	false	0	false	0	false	0	false	0
1073901479	0	0	1	54289	0	0	0	0	54282	0	0	0	0	54288	0	0	0	0	54284	0	0	0	0	54281	0	0	0	0	54285	0	0	0	0	54283	0	0	0	0	54286	0	0	0	0	54287	0	0	0	0	0	0	0	0	0	0	0	0	10920	0	0	false	true	0	0	0	0	false	0	false	0	false	0	false	0
1073901804	0	0	1	54574	0	0	0	0	54575	0	0	0	0	54576	0	0	0	0	54577	0	0	0	0	54578	0	0	0	0	54579	0	0	0	0	54580	0	0	0	0	54581	0	0	0	0	54582	0	0	0	0	0	0	0	0	0	0	0	0	10920	0	0	false	true	0	0	0	0	false	0	false	0	false	0	false	0
1073902091	0	0	1	54742	0	0	0	0	54743	0	0	0	0	54744	0	0	0	0	54745	0	0	0	0	54746	0	0	0	0	54747	0	0	0	0	54748	0	0	0	0	54749	0	0	0	0	54750	0	0	0	0	0	0	0	0	0	0	0	2	10920	0	0	false	true	0	0	0	0	false	0	false	0	false	0	false	0
1073903022	0	0	1	55224	55242	55215	0	0	55289	55297	55281	0	0	55295	55303	55287	0	0	55291	55299	55283	0	0	55288	55296	55280	0	0	55292	55300	55284	0	0	55290	55298	55282	0	0	55293	55301	55285	0	0	55294	55302	55286	0	0	67611	67610	67609	0	0	0	0	2	10920	0	0	true	true	0	0	0	0	false	0	false	0	false	0	false	0
1073903023	0	0	1	55225	0	0	0	0	55232	0	0	0	0	55226	0	0	0	0	55230	0	0	0	0	55233	0	0	0	0	55229	0	0	0	0	55231	0	0	0	0	55228	0	0	0	0	55227	0	0	0	0	0	0	0	0	0	0	0	0	10920	0	0	false	false	0	0	0	0	false	0	false	0	false	0	false	0
1073904002	0	0	1	56067	0	0	0	0	56068	0	0	0	0	56069	0	0	0	0	56070	0	0	0	0	56071	0	0	0	0	56072	0	0	0	0	56073	0	0	0	0	56074	0	0	0	0	56075	0	0	0	0	0	0	0	0	0	0	0	1	10920	0	0	false	false	0	0	0	0	false	0	false	0	false	0	false	0
1073904003	0	0	1	56076	0	0	0	0	56077	0	0	0	0	56078	0	0	0	0	56079	0	0	0	0	56080	0	0	0	0	56081	0	0	0	0	56082	0	0	0	0	56083	0	0	0	0	56084	0	0	0	0	67981	0	0	0	0	0	0	0	10920	0	0	false	false	0	0	0	0	false	0	false	0	false	0	false	0
1073905602	0	0	1	57011	57012	57013	0	0	57014	57015	57016	0	0	57017	57018	57019	0	0	57020	57021	57022	0	0	57023	57024	57025	0	0	57026	57027	57028	0	0	57029	57030	57031	0	0	57032	57033	57034	0	0	57035	57036	57037	0	0	67982	67983	67984	0	0	0	0	0	10920	0	0	true	false	0	0	0	0	false	0	false	0	false	0	false	0
1073905603	0	0	1	57038	0	0	0	0	57039	0	0	0	0	57040	0	0	0	0	57041	0	0	0	0	57042	0	0	0	0	57043	0	0	0	0	57044	0	0	0	0	57045	0	0	0	0	57046	0	0	0	0	0	0	0	0	0	0	0	2	10920	0	0	false	false	0	0	0	0	false	0	false	0	false	0	false	0
1073905604	0	0	1	57047	0	0	0	0	57048	0	0	0	0	57049	0	0	0	0	57050	0	0	0	0	57051	0	0	0	0	57052	0	0	0	0	57053	0	0	0	0	57054	0	0	0	0	57055	0	0	0	0	0	0	0	0	0	0	0	1	10920	0	0	false	false	0	0	0	0	false	0	false	0	false	0	false	0
1073905605	0	0	1	57056	0	0	0	0	57057	0	0	0	0	57058	0	0	0	0	57059	0	0	0	0	57060	0	0	0	0	57061	0	0	0	0	57062	0	0	0	0	57063	0	0	0	0	57064	0	0	0	0	0	0	0	0	0	0	0	2	10920	0	0	false	false	0	0	0	0	false	0	false	0	false	0	false	0
1073906684	0	0	1	57833	57842	57824	0	0	57834	57843	57825	0	0	57835	57844	57826	0	0	57836	57845	57827	0	0	57837	57846	57828	0	0	57838	57847	57829	0	0	57839	57848	57830	0	0	57840	57849	57831	0	0	57841	57850	57832	0	0	0	0	0	0	0	0	0	2	10920	0	0	true	false	0	0	0	0	false	0	false	0	false	0	false	0
1073908020	0	0	1	58551	58552	58553	0	0	58551	58554	58555	0	0	58551	58556	58557	0	0	58551	58558	58559	0	0	58551	58560	58561	0	0	58551	58562	58563	0	0	58551	58564	58565	0	0	58551	58566	58567	0	0	58551	58568	58569	0	0	58551	67980	67979	0	0	0	0	0	10920	0	0	true	false	0	0	0	0	false	0	false	0	false	0	false	0
1073908376	0	0	1	58977	0	0	0	0	58984	0	0	0	0	58978	0	0	0	0	58982	0	0	0	0	58985	0	0	0	0	58981	0	0	0	0	58983	0	0	0	0	58980	0	0	0	0	58979	0	0	0	0	0	0	0	0	0	0	0	0	10920	0	0	false	true	0	0	0	0	false	0	false	0	false	0	false	0
1073908737	0	0	1	59477	0	0	0	0	59478	0	0	0	0	59479	0	0	0	0	59480	0	0	0	0	59481	0	0	0	0	59482	0	0	0	0	59483	0	0	0	0	59484	0	0	0	0	59485	0	0	0	0	68240	0	0	0	0	0	0	0	10920	0	0	false	true	0	0	0	0	false	0	false	0	false	0	false	0
1073909918	0	0	1	60080	0	0	0	0	60073	0	0	0	0	60079	0	0	0	0	60075	0	0	0	0	60072	0	0	0	0	60076	0	0	0	0	60074	0	0	0	0	60077	0	0	0	0	60078	0	0	0	0	68247	0	0	0	0	0	0	0	10920	0	0	false	true	0	0	0	0	false	0	false	0	false	0	false	0
1073911486	0	0	1	60553	60554	60552	0	0	60532	60533	60531	0	0	60550	60551	60549	0	0	60538	60539	60537	0	0	60529	60530	60528	0	0	60541	60542	60540	0	0	60535	60536	60534	0	0	60544	60545	60543	0	0	60547	60548	60546	0	0	68246	68245	68244	0	0	0	0	0	10920	0	0	true	false	0	0	0	0	false	0	false	0	false	0	false	0
1073912175	0	0	1	61019	0	0	0	0	61012	0	0	0	0	61018	0	0	0	0	61014	0	0	0	0	61011	0	0	0	0	61015	0	0	0	0	61013	0	0	0	0	61016	0	0	0	0	61017	0	0	0	0	0	0	0	0	0	0	0	0	10920	0	0	false	true	0	0	0	0	false	0	false	0	false	0	false	0
1073912469	0	0	1	61146	0	0	0	0	61147	0	0	0	0	61148	0	0	0	0	61149	0	0	0	0	61150	0	0	0	0	61151	0	0	0	0	61152	0	0	0	0	61153	0	0	0	0	61154	0	0	0	0	0	0	0	0	0	0	0	2	10920	0	0	false	true	0	0	0	0	false	0	false	0	false	0	false	0
1073912830	0	0	1	61385	0	0	0	0	61386	0	0	0	0	61387	0	0	0	0	61388	0	0	0	0	61389	0	0	0	0	61390	0	0	0	0	61391	0	0	0	0	61392	0	0	0	0	61393	0	0	0	0	0	0	0	0	0	0	0	0	10920	0	0	false	true	0	0	0	0	false	0	false	0	false	0	false	0
1073913044	0	0	1	61618	0	0	0	0	61619	0	0	0	0	61620	0	0	0	0	61621	0	0	0	0	61622	0	0	0	0	61623	0	0	0	0	61624	0	0	0	0	61625	0	0	0	0	61626	0	0	0	0	68488	0	0	0	0	0	0	0	10920	0	0	true	false	0	0	0	0	false	0	false	0	false	0	false	0
1073913298	0	0	1	61981	61980	61979	0	0	61984	61983	61982	0	0	61987	61986	61985	0	0	61990	61989	61988	0	0	61993	61992	61991	0	0	61996	61995	61994	0	0	61999	61998	61997	0	0	62002	62001	62000	0	0	62005	62004	62003	0	0	68241	68242	68243	0	0	0	0	0	10920	0	0	true	false	0	0	0	0	false	0	false	0	false	0	false	0
1073914345	0	0	1	62466	62465	62464	0	0	62469	62468	62467	0	0	62472	62471	62470	0	0	62475	62474	62473	0	0	62478	62477	62476	0	0	62481	62480	62479	0	0	62484	62483	62482	0	0	62487	62486	62485	0	0	62490	62489	62488	0	0	0	0	0	0	0	0	0	0	10920	0	0	true	false	0	0	0	0	false	0	false	0	false	0	false	0
